Taxa	ko00040	ko00051	ko00130	ko00430	ko00480	ko00531	ko00540	ko00740	ko00790	ko04974	ko05111
s__Akkermansia_muciniphila	0.5996913951607669	0.3913194411460954	0.1797351160873193	0.23161870923918593	0.2918591125152095	0.5849605201427864	0.7456332687920071	0.4761340605995653	0.5215267497705529	0.7617866245023923	-0.2220287540516478
s__Alistipes_indistinctus	0.16675049272587322	0.20073307081097608	0.0719257196814187	0.03614198964586371	0.14702932176076283	-0.08535799159327019	-0.11082961642129334	0.20699029661774407	0.1839652541186664	0.07056306623238572	0.05542747750924308
s__Alistipes_putredinis	0.02356911848880002	-0.02801393074636354	-0.06546719279695269	0.04400399327483989	0.043674591511334016	0.011615635263114946	-0.047935698939249996	-0.06314096880467278	-0.04186006641236346	-0.022278257731813245	0.023602903285057052
s__Alistipes_shahii	0.004865010661010163	0.04231404961206711	0.013200705287506536	0.011157428963879166	0.004472262404522356	-0.008950859458342899	0.02117954800353823	0.06074858291972294	0.052776778702911434	0.01128834504937511	0.008136505098564414
s__Allisonella_histaminiformans	-0.18340850883034765	-0.22648975485741785	-0.07459894168525497	-0.041028819654456525	-0.15382006580842278	-0.07640572443508326	-0.10003678171702116	-0.22120806504257115	-0.22380738280459522	-0.0802466334595526	-0.057423595888095036
s__Anaeromassilibacillus_sp_An250	0.08822477232566231	0.11238512474896006	0.035502190066746486	0.019747917262147262	0.0732848538808415	0.028706519069632376	0.03643831046303463	0.0905418462689559	0.08862455908137033	0.029541285077149412	0.029835494344554257
s__Bacteroides_cellulosilyticus	0.13418054143426683	0.06588457580071116	0.2053017606548153	0.15076394944700702	0.13003064229403016	0.033842511950620636	0.14577506119972114	0.19509523293558673	0.08374265602223166	0.15478293250174774	0.20382930661794713
s__Bacteroides_eggerthii	-0.1681659349190578	0.16452843852205248	0.0890201227375462	-0.06092947234968234	-0.11641536940245314	-0.12445826246138877	0.14158715416369533	-0.05488551306928677	0.0466272419342127	0.058581429009819816	0.09672024088445752
s__Bacteroides_intestinalis	-0.19644803248571135	0.07942453675063191	0.20494702029411663	0.2769051170719483	-0.29260448958262997	-0.4739345295932491	-0.06121453156810089	0.21885227935356638	-0.15819378922386218	0.1902020682776957	0.3356308353157824
s__Bacteroides_uniformis	0.32856840519822234	-0.05585049131237778	0.09410121532461682	0.2541482413931607	0.32070217846971405	0.44755916146535085	0.20622732330227317	0.21582150158934338	0.36371726260411424	0.38898758635443925	0.3088366764842816
s__Barnesiella_intestinihominis	-0.03316751987540238	-0.003596673101528061	-0.03032044694082686	-0.02254149760264914	-0.024464415589610895	0.0032334865417651465	-0.018440164107031927	-0.04480075138656785	-0.04147646820486198	-0.009482969999390887	0.13689599443342443
s__Blautia_sp_CAG_257	-0.05971392353435183	-0.1324708899736775	-0.14584755774168934	-0.08619275760078723	-0.21020759461130273	-0.15103774706667322	-0.18326421959633332	-0.12945207765812877	-0.1025101103430034	-0.14946816174056607	-0.09603539491033092
s__Blautia_wexlerae	-0.031892847666622044	0.031155212948343884	-0.03327943201300373	-0.03434717234470979	-0.02514081536467324	-0.12678800570327878	-0.14713701079883204	-0.009549835741982883	-0.0011761332196973426	-0.10953523641469648	-0.049052004915575514
s__Butyricimonas_synergistica	0.0784511123084767	0.09278079287090517	0.029080967228147615	0.01347661445693886	0.06544678114921403	0.025390682086990725	0.033085873284447904	0.08351742404718492	0.08986685419373763	0.03002834922318806	0.02520697725734322
s__Collinsella_intestinalis	0.026299352336320036	-0.068773879730608	0.09656046695215871	0.1262826414592676	0.24956125145134894	-0.025253431352196612	-0.07880303726948726	0.09800547084206815	0.25528918211675694	0.03581469943212388	-0.14161038121112207
s__Collinsella_stercoris	-0.05326947364832621	-0.047159352475260666	-0.019935845191326892	-0.010235385566031475	-0.02950257333143829	-0.03587100742588557	-0.05358057531385957	-0.06987118175903897	-0.09647178186198405	-0.041451129607669196	-0.008951563308264915
s__Coprobacter_fastidiosus	-0.05275566320525082	-0.03917628665969687	-0.048315074047219395	0.03459985446671539	-0.04226055701799349	-0.04978893578393166	-0.036888774413128135	-0.017424508669555437	-0.07841099286292147	-0.04542999321685473	0.046378079061817186
s__Coprobacter_secundus	0.042171871927818835	0.05424571349016957	0.01504127283359185	0.006310014550919547	0.02996852197981626	0.007869042128196384	0.017950284561305225	0.04463041970543871	0.043038311181826897	0.012619325251917104	0.012297665837553422
s__Coprococcus_eutactus	0.049688285245082654	0.0957644126903528	0.08507434007469566	0.09457561017205908	0.04188329345979021	0.07299275616320273	0.08480617325440568	0.09079241684119548	0.06864789059456622	0.07611925751682064	0.07705185866349862
s__Eisenbergiella_tayi	0.02733964252106727	0.009112744940407745	-0.002383939685885643	-0.06410946629737388	-0.01564869531629607	0.055901168506763285	0.05556120899442711	-0.07159491021806874	0.04068956399204235	-0.06334930838159106	-0.057572108221641494
s__Eubacterium_eligens	-0.06400459265899269	-0.14187080568226987	-0.05656771438291735	0.055368354115793314	8.094274103244447e-05	0.01500959958710089	-0.11104921759696393	-0.0587010834965634	-0.07771840453965265	-0.025150669263581553	0.08916581967140452
s__Eubacterium_siraeum	0.3011844201320677	0.22500533537187523	0.2903324620343457	0.23852136542444727	0.22150931280919622	0.2742128911202174	0.30884019573389165	0.199697707575683	0.2630892469525953	0.28055176351793987	0.04788642944470852
s__Eubacterium_sp_CAG_274	0.3847250712266792	0.2736139148365775	-0.03802760358695836	0.07038569605203643	-0.35881565174715896	-0.137315488986949	-0.017577244102634018	0.47151469356134046	0.1443152764614493	0.28304972689119295	-0.4213062632238842
s__Firmicutes_bacterium_CAG_110	0.09422579676081458	0.20821499548206085	0.11397371402296182	0.049749520188298486	0.09348886589245842	0.10842878433727926	0.1372218769473202	0.12790008858007212	0.11380901314120886	0.1124745136890568	0.0898957120405405
s__Firmicutes_bacterium_CAG_170	0.03645731441092919	-0.1235270690145548	0.1262734914102813	0.07761282705134952	0.2050624516813282	0.11594238225485498	-0.027708459880206416	0.23933783133399178	0.23504293910981877	0.12176322110996979	0.09652738600582372
s__Firmicutes_bacterium_CAG_238	0.11724943156004822	0.14596228527897875	0.04458607716035136	0.01619488285578452	0.07017454107543007	0.030497817121176163	-0.0029470196235025087	0.10165211728805965	-0.01238001627842987	0.032288411322797986	0.028646691826260555
s__Firmicutes_bacterium_CAG_95	0.19723282514876495	-0.018581637941358205	0.08571413965381287	0.055473931604096444	0.1689092004367121	0.07766068884604695	-0.09958139081747344	0.20491323549785967	0.20958046433078187	0.0799826897387947	0.0753717688996342
s__Gemella_sanguinis	0.013148620393276987	0.01369410408284338	0.005265501266640164	0.002930831075296041	0.009877829805644743	-0.0011282714249998807	-0.0013035300555831817	0.010233977866187422	0.0013506880003585787	-0.001965852832205042	0.004289965274718867
s__Intestinimonas_butyriciproducens	0.04670677697540108	0.05323780040183527	0.017865822570662694	0.008294871331019183	0.033684849568087906	0.013920743757734185	0.020484144280581353	0.04600926170267813	0.03988647123101623	0.012936057716826575	0.01481252160893496
s__Lawsonibacter_asaccharolyticus	0.06908075829660923	0.07628325454865156	0.022264180733372836	0.010892781393199227	0.04787727939572225	0.016375772285743932	0.019558581633123552	0.07069046306827159	0.06158334892724001	0.0165510309163272	0.017746168083919107
s__Megamonas_hypermegale	0.2973934844520618	0.7977273130705581	0.4388926573755045	0.10117913014046148	0.16494511767588899	-0.06489285126058339	0.7650475611911163	0.835638781420383	-0.3480805327364924	-0.11392796377803047	0.1131551365636512
s__Methanobrevibacter_smithii	0.9501762792308837	1.0199376604020873	0.7490814295599886	0.544231540555111	0.919162540116866	0.9492542358330359	1.0529130292487778	0.8451625747152509	0.9573478060863571	0.9027480560854109	0.8147133232386943
s__Oscillibacter_sp_57_20	0.02153288066439287	0.0180333388521037	-0.018055158199686394	0.03361868767541793	0.08363355928431838	0.04730223400943097	-0.09165322529582727	-0.09757541853971322	0.033577160530018677	-0.028174408528584386	0.042070517539047794
s__Oscillibacter_sp_CAG_241	0.06916522028725175	0.0015350966799281159	0.045975476906421106	0.007485443920694871	0.031326248479395066	0.018371186814673864	0.04132725202139348	-0.005471729293792388	0.034824382591840175	0.05390997707736549	0.040930984515295574
s__Roseburia_hominis	-0.03870048411241059	-0.009019836750700966	0.03618351679126296	0.05006414110344197	0.09989671558253896	0.08521299850933381	0.07551113118419442	-0.07206719351574492	0.06411932019628219	0.09246546810583967	-0.05618341232549377
s__Roseburia_sp_CAG_309	0.08220052084308332	0.11440376632531674	0.0344604921821552	0.020194861962630685	0.06970507317744198	0.034152909766231976	0.036847247267728894	0.07989963544799622	0.08242786436789616	0.030402797381703296	0.030837072783590342
s__Ruminococcus_bicirculans	0.3330653023500154	0.2331939253646692	0.4306470555390268	0.29885045379064556	0.4091740021180057	0.3670887037305955	0.38605182832968915	0.16005687996745216	0.4489929037565079	0.3852733703159337	0.36499334251273857
s__Ruminococcus_gnavus	1.6353481358713524	1.4895519591739708	1.7807536758620124	1.961395350648895	2.1072478353400386	0.7119582731228273	0.8367121525514651	0.8551136049127859	0.6747837356413587	0.7696134356352675	2.826558524748299
s__Ruthenibacterium_lactatiformans	0.029197806315203086	0.05439774507332613	-0.03224758802732075	-0.19608695747571453	-0.04545040486459333	0.029635600966700273	0.06812985705195863	-0.03675433907802212	-0.0118901367327032	0.05570549822844141	0.06286365193539642
