Taxa	ko00040	ko00051	ko00130	ko00430	ko00480	ko00531	ko00540	ko00740	ko00790	ko04974	ko05111
s__Akkermansia_muciniphila	0.6196083349431882	0.4006614300061052	0.18495205170934004	0.2386509301180929	0.302784665160778	0.5960915547345897	0.7694355446059756	0.49358528741216057	0.5504025306694329	0.787389827034838	-0.22316640075760905
s__Alistipes_indistinctus	0.17074636134917479	0.19862834838915625	0.07525419780865976	0.036129334424265795	0.1503912468362984	-0.08147911690400697	-0.11583722707650496	0.20257577806082439	0.18784066586631326	0.07113816792667078	0.05632381630793855
s__Alistipes_putredinis	0.015815423285824467	-0.04431599586827344	-0.07343687138699964	0.0642120453850092	0.03687189609199809	-0.015985543811976963	-0.07473243386146552	-0.09966697896799126	-0.05419634545663899	-0.042230770089293594	0.040755908885692034
s__Alistipes_shahii	0.0006262715836159749	0.052354891059651916	0.011787965878022597	0.009267563769255525	0.008611068869987968	-0.007592217953865474	0.016878884210004642	0.07259758666298315	0.05811060971998141	0.0143482199693745	0.006432597053338763
s__Allisonella_histaminiformans	-0.18882177634961703	-0.22214571983168935	-0.07485189127023097	-0.04204569979079735	-0.15109978439880023	-0.0766588710980374	-0.10042052069450706	-0.21456090637900346	-0.22689710096128843	-0.08029790188787267	-0.05690716712330967
s__Anaeromassilibacillus_sp_An250	0.08732551958828964	0.11014377098027753	0.03509919375539407	0.019823595205762955	0.07371648280702177	0.02874356972952756	0.03386704815890232	0.09075830827397428	0.08695505522033307	0.029741009531022152	0.030568666654326816
s__Bacteroides_cellulosilyticus	0.13250549123584401	0.06733167716338818	0.1918596066900587	0.14584571365489357	0.1323484623182411	0.02816441385969167	0.13924728955992666	0.1860805624433134	0.08305561403634837	0.14869071727069832	0.19102134958692832
s__Bacteroides_eggerthii	-0.15881452854709108	0.1722939302497211	0.10250405723367406	-0.0558913568388503	-0.11209689820589248	-0.12229925913358267	0.14500749878275862	-0.056490572431463805	0.05307701292564878	0.07142446592095208	0.10664438401497126
s__Bacteroides_intestinalis	-0.2010140617768453	0.07855612671684221	0.20538260485685866	0.28139369471766323	-0.2938423222864917	-0.46757044529132	-0.059429891936819405	0.2168625519320064	-0.1589329724119688	0.1838477956436795	0.3379191921822576
s__Bacteroides_uniformis	0.3309013016877629	-0.05210216670665104	0.09361896551204482	0.2735599999325507	0.3520343111344573	0.5057563588027391	0.2539808095737103	0.22032369169255006	0.37601444982372073	0.4498633690320699	0.29724635166436253
s__Barnesiella_intestinihominis	-0.028735756995393116	-0.006961751424714263	-0.04373569976156386	-0.022163065653575283	-0.02490617995466826	-0.012140172379001975	-0.018635975155338224	-0.052850823714708055	-0.0265464881209401	-0.015771657897673194	0.12126032034068576
s__Blautia_sp_CAG_257	-0.05738765731107662	-0.12985483466050773	-0.14681149428689574	-0.08470712749337882	-0.20628356091104258	-0.1473946621012871	-0.18966401724330592	-0.13325527440377627	-0.10060397213818267	-0.15461878062293402	-0.09711024412624943
s__Blautia_wexlerae	-0.037640274974870123	0.04376935786483492	-0.024032336199480562	-0.022772233684086114	-0.031443045335455236	-0.13825988665832012	-0.13429452289063892	-0.00830766732260153	-0.010239270817601023	-0.10320010849855922	-0.033257457818438224
s__Butyricimonas_synergistica	0.08734469246016553	0.09782085100752197	0.029986047842874584	0.01495271443640314	0.07134783074144245	0.02884751428601161	0.03600358459719749	0.09106663677081485	0.0963476649667348	0.0324112894421844	0.026121897693980066
s__Collinsella_intestinalis	0.026086831890864966	-0.0633426077303334	0.09259057039097972	0.12408063290122598	0.25213794747687923	-0.02426653522253389	-0.08068424511007005	0.09313302752588143	0.2606500691248295	0.036618059656120354	-0.13565855588551895
s__Collinsella_stercoris	-0.05137628628207067	-0.04780752786844995	-0.016899830783684	-0.009727867541258905	-0.03304454321702684	-0.03306771395645976	-0.048860276196816994	-0.0696177113251207	-0.09055779550818883	-0.037193386582380465	-0.007455839992974658
s__Coprobacter_fastidiosus	-0.05115187077293345	-0.03407493727187047	-0.04345769311936399	0.032040923613216886	-0.03632955157308391	-0.051716879259336684	-0.037167738291222024	-0.017229528164157144	-0.07718599838163742	-0.04146302467135137	0.034511141222543854
s__Coprobacter_secundus	0.04387558289506635	0.055085645756114306	0.016324123778466017	0.007259691096705805	0.03362134822812316	0.009167842312303564	0.019489407262787306	0.04429212127891846	0.04809855573420724	0.014968072441701645	0.012729379225724318
s__Coprococcus_eutactus	0.05515123049184822	0.08402536438191069	0.0755615268386111	0.07907539903531258	0.04820040281792371	0.07550879440245331	0.057988435450517	0.08113024665165794	0.0737173696579235	0.07105930858140751	0.06391388048104261
s__Eisenbergiella_tayi	0.03379739517061907	0.011872836101619893	-0.0026279362998534845	-0.06822197692975275	-0.01358931490645285	0.05837939592820287	0.06194621171603879	-0.07512119832739467	0.04617313204152311	-0.0634635854549304	-0.05987583717041355
s__Eubacterium_eligens	-0.08122868710175186	-0.1496739111497713	-0.057248689182472806	0.06418441223707068	-0.0014951883893495055	0.012848160938564605	-0.11568768712207238	-0.05851408464928082	-0.08492274487849075	-0.032253345519682876	0.09661519832209507
s__Eubacterium_siraeum	0.30870746371559676	0.22717802154216538	0.30820460517730813	0.24827999120729852	0.22768973451247315	0.29414822953960046	0.3213190606953703	0.2042878789191423	0.2743768318440547	0.2963252232714134	0.05015148887876476
s__Eubacterium_sp_CAG_274	0.38558074157688027	0.2690288393665535	-0.035398752282206285	0.07629807762800936	-0.34203226589457425	-0.1316003683901217	-0.01441843603759533	0.46366911778954417	0.13961785246687233	0.2821632419914058	-0.412566122355196
s__Firmicutes_bacterium_CAG_110	0.09306661224723949	0.2052344022172779	0.10784889646352443	0.04758940477761562	0.08727492685589482	0.10984922386491017	0.1332183645138655	0.1236705417826596	0.10747442015101231	0.10253461839728821	0.08490061583694239
s__Firmicutes_bacterium_CAG_170	0.03880810276548761	-0.1250971892666027	0.13058779581530364	0.08085833534978283	0.20799749177915774	0.12130850590634733	-0.027155979922415092	0.2370227281704798	0.23637173737760253	0.11995591751119916	0.09961144520914379
s__Firmicutes_bacterium_CAG_238	0.11106254851448702	0.14118521362722594	0.03589558586516256	0.01524448838307779	0.0710710628751053	0.032789031618334706	-0.0032159184477114733	0.08531661929485378	-0.013741881415550166	0.02828682743812958	0.024564700126500486
s__Firmicutes_bacterium_CAG_95	0.20005900781765484	-0.017708258727119053	0.08424406462968104	0.054711535445561586	0.16686368587033265	0.07796352731349578	-0.09645231337314096	0.20545120207025885	0.20652002633084482	0.07860543844237901	0.07679030803247562
s__Gemella_sanguinis	0.011611735934546938	0.013090918776669694	0.004602812488058828	0.001859571493979866	0.009976171716749528	-0.0014780848362444025	-0.0016050734391754532	0.00862385078457186	0.0026670422015209598	-0.001312314102609985	0.0039094780838726815
s__Intestinimonas_butyriciproducens	0.0441852909377541	0.05311244473072331	0.01692535238185648	0.008880573005129854	0.031963500121794566	0.013598873188393914	0.019082469391871575	0.045191331785295795	0.03803233345843436	0.01277179322202531	0.01369465308578255
s__Lawsonibacter_asaccharolyticus	0.06587134342217722	0.07561691982747416	0.02168418024363052	0.010629766754338363	0.04736726974222574	0.01629340776786902	0.019865263121146594	0.06830655153638286	0.06031731999550212	0.017399564228319016	0.017305431339747906
s__Megamonas_hypermegale	0.29654143189045995	0.7973136745483846	0.4428730272235233	0.10262587957817748	0.16395487122059751	-0.06611919713371772	0.7823498674372107	0.8437457952072148	-0.34143047421124606	-0.10816593862239969	0.11410633342526903
s__Methanobrevibacter_smithii	0.9324053778607043	1.0079992254877348	0.7512379131050736	0.5336642615968494	0.9197551817512083	0.9266348501980163	1.041248462339084	0.8367055504391964	0.9448495289440292	0.8803997934403536	0.8066229343870206
s__Oscillibacter_sp_57_20	0.02352666226150371	0.010930479595022661	-0.011434239061211661	0.03960669088701282	0.09548140871370653	0.06140254395927122	-0.060472645596293714	-0.06304601945019214	0.07396299920371045	0.005408523570794871	0.04226535727446172
s__Oscillibacter_sp_CAG_241	0.055687296669457965	0.005412479207356619	0.038844055419504454	0.012174478024201291	0.02635456232420339	0.0093166924938126	0.041060323976966205	-0.0038342083732117492	0.031368789168682014	0.05446492050988382	0.031873139868805495
s__Roseburia_hominis	-0.036246919592238636	-0.005540115352215958	0.038620104451315765	0.04976872121417124	0.09308641858404525	0.07999896274899183	0.07491442129730333	-0.08102606278620045	0.06404939974502859	0.08591819982320524	-0.05779812850860093
s__Roseburia_sp_CAG_309	0.08252516458111636	0.11352351753583866	0.03416376313202954	0.019434901124825987	0.06788998499853381	0.033388261287946634	0.03603441322378202	0.08077232488931178	0.08126776484942246	0.029863380878464754	0.0293214305155069
s__Ruminococcus_bicirculans	0.35778075305281454	0.24636587134436197	0.4664592492654284	0.3218753273657419	0.44143783500152656	0.41078597328641714	0.4336493414584065	0.17614298985628754	0.48482360873585845	0.4218806469912488	0.3942037477415459
s__Ruminococcus_gnavus	1.6411759850716912	1.501436239875323	1.768418579285605	1.9403571075557016	2.138391491072663	0.7194470814461496	0.8580535297290746	0.8614364576862832	0.6878866339437013	0.7869705577132887	2.854510277392551
s__Ruthenibacterium_lactatiformans	0.02773585371917142	0.06471290498951948	-0.030109601658186193	-0.17498971768205734	-0.0487775456769826	0.026991279040662154	0.0689601606509701	-0.03716257203279438	-0.011284516105799303	0.057576458014159566	0.05895786202511519
