Individuals	vOTU_Shannon	Bactriome_Shannon	GA1	GA2a	GA2b	GA2c	GA2d	GA2e	GA3	Group	Country	GAs
ERR1190532	7.380987014	2.890618995	25	122	6052	2676	2	52	1	Obesity	China	8.93 
ERR1190533	7.058042414	2.500889083	0	2523	342	7755	3	5	97	Obesity	China	10.73 
ERR1190534	7.575282872	2.991962099	44770	45	2271	13902	3	2	1	Obesity	China	60.99 
ERR1190535	7.498390057	3.272048914	271	0	41367	2692	0	3	0	Obesity	China	44.33 
ERR1190536	7.208173811	2.732700658	4108	84	55888	333	0	1	0	Obesity	China	60.41 
ERR1190537	7.510129138	3.089909884	5	0	33884	34	0	1	589	Obesity	China	34.51 
ERR1190538	7.088312995	3.020371092	29	0	49469	1977	3259	7	4	Obesity	China	54.75 
ERR1190539	6.783846978	2.502311289	1231	34	56	3321	2	108	607	Obesity	China	5.36 
ERR1190540	6.884622904	2.323461156	121818	0	9	36	2	0	4	Obesity	China	121.87 
ERR1190541	6.061809833	2.885118073	8045	0	33	1	0	0	119	Obesity	China	8.20 
ERR1190542	6.285000404	1.907584817	37	0	11	7	0	0	5404	Obesity	China	5.46 
ERR1190543	7.584334781	3.074690503	37	9	117	11101	1	0	51	Obesity	China	11.32 
ERR1190544	5.749797195	1.175236039	17	1	5	4	7	0	407	Obesity	China	0.44 
ERR1190545	7.080682252	2.770758465	2	22	386	1674	92	0	62	Obesity	China	2.24 
ERR1190546	6.354462897	1.305889646	2	5	791	1260	3	0	2	Obesity	China	2.06 
ERR1190547	7.706163544	2.904942685	0	2	15572	267	5	31	0	Obesity	China	15.88 
ERR1190548	5.933966132	1.096126048	0	1	3026	97	1672	0	65	Obesity	China	4.86 
ERR1190549	5.853668758	1.308707713	7	1551	198	5439	1	2	856	Obesity	China	8.05 
ERR1190550	6.879184341	2.458150083	50116	0	14	0	0	0	1306	Obesity	China	51.44 
ERR1190551	7.7539189	3.185387675	68	34	37	38	1	0	0	Obesity	China	0.18 
ERR1190552	6.176803077	1.508385663	49	38	342	9588	1	4	38	Obesity	China	10.06 
ERR1190553	7.070190163	2.641386709	8155	39	482	12502	6325	3	4	Obesity	China	27.51 
ERR1190554	7.522995856	3.137579547	212	58	3980	1716	2	1	2	Obesity	China	5.97 
ERR1190555	6.770674607	2.360292488	117265	4	17750	1345	1	0	0	Obesity	China	136.37 
ERR1190556	6.388675041	1.533818686	31	0	1	6	1	0	27	Obesity	China	0.07 
ERR1190557	7.20124725	2.539359036	139857	0	0	7	0	0	3732	Obesity	China	143.60 
ERR1190558	7.253382652	3.010431342	1120	13	165	9137	2	2	0	Obesity	China	10.44 
ERR1190559	7.138752189	2.569890193	3679	0	58	5	2	0	0	Obesity	China	3.74 
ERR1190560	6.903125905	2.252606382	31	0	1	145	0	0	38	Obesity	China	0.22 
ERR1190561	7.324610871	3.28039212	6833	0	6007	52	1033	0	0	Obesity	China	13.93 
ERR1190562	6.505456694	2.042843941	0	0	4	221	0	0	20	Obesity	China	0.25 
ERR1190563	7.605424945	3.056649982	0	13	115	15314	2	0	0	Obesity	China	15.44 
ERR1190564	6.588982802	2.636189072	0	7	10	15	1	93	37	Obesity	China	0.16 
ERR1190565	7.537002792	3.00904394	1	39	18024	14546	0	0	0	Obesity	China	32.61 
ERR1190566	7.45005283	3.40476473	0	250	65	655	0	0	0	Obesity	China	0.97 
ERR1190567	5.545267567	0.66341947	11	0	16	9	0	0	0	Obesity	China	0.04 
ERR1190568	7.352732678	3.096728811	297	169	31211	316	1	3	360	Obesity	China	32.36 
ERR1190569	7.797238641	3.289530671	5	18	6149	53	0	0	51	Obesity	China	6.28 
ERR1190570	7.36948609	2.587953502	4059	3	778	244	1	1	850	Obesity	China	5.94 
ERR1190571	7.859333351	3.542231089	33012	5187	3904	42	2	0	473	Obesity	China	42.62 
ERR1190572	6.948937405	2.169487963	424	179	23	588	10	0	401	Obesity	China	1.63 
ERR1190573	6.654307818	2.16694838	2495	869	4052	12	4461	0	1	Obesity	China	11.89 
ERR1190574	6.6706547	2.472746872	3520	9	3	16	5	0	197	Obesity	China	3.75 
ERR1190575	7.091726794	2.559193997	3	146	1124	22846	1	7	0	Obesity	China	24.13 
ERR1190576	7.16148509	2.869574765	66	0	6	0	0	0	5992	Obesity	China	6.06 
ERR1190577	7.215783112	2.323152071	539	1655	2723	173	6212	3	15	Obesity	China	11.32 
ERR1190578	7.391680675	3.269420963	891	17	13	4	19	0	112	Obesity	China	1.06 
ERR1190579	7.068419193	2.653112396	1	35177	0	3	2	0	0	Obesity	China	35.18 
ERR1190580	7.060405704	2.336346064	7	1	5	0	0	0	0	Obesity	China	0.01 
ERR1190581	7.680857938	3.251205538	278	0	34003	64	0	1	1	Obesity	China	34.35 
ERR1190582	6.567597414	1.860092259	40	4	973	1176	0	0	1	Obesity	China	2.19 
ERR1190583	7.366755792	3.230608522	9424	0	5	207	0	0	193	Obesity	China	9.83 
ERR1190584	7.20504794	3.084026151	1231	0	319	6	16	0	0	Obesity	China	1.57 
ERR1190585	6.606169394	1.952843078	0	1	6	15	3	0	1	Obesity	China	0.03 
ERR1190586	7.113750992	2.503044672	1	9	96	14709	0	2	1	Obesity	China	14.82 
ERR1190587	5.881153146	1.465716315	92	0	24	129	1	0	1	Obesity	China	0.25 
ERR1190588	7.306279789	2.63356618	1	2	4	146	3780	13	1	Obesity	China	3.95 
ERR1190589	7.384435315	2.76280488	0	131	24278	38953	1	11	1165	Obesity	China	64.54 
ERR1190590	7.056752673	2.778525733	16297	91	891	24552	0	5	1	Obesity	China	41.84 
ERR1190591	6.893679411	2.343532424	8	0	1656	160	2	1	2	Obesity	China	1.83 
ERR1190592	7.459443829	2.900870248	11	0	44	17	1	0	6729	Obesity	China	6.80 
ERR1190593	6.879990696	2.392673999	1930	0	2524	71	3	0	40	Obesity	China	4.57 
ERR1190594	6.309528557	2.126371024	4	0	13281	2517	8448	1	1988	Obesity	China	26.24 
ERR1190595	7.740881058	3.160369573	8	2	466	21	1007	0	3168	Obesity	China	4.67 
ERR1190596	6.656018711	2.223342953	16	2	102	108	8	0	1	Obesity	China	0.24 
ERR1190597	6.683750945	2.260237014	79	0	761	426	9	0	83	Obesity	China	1.36 
ERR1190598	6.410046254	1.863763142	2313	1	15	591	22821	0	41	Obesity	China	25.78 
ERR1190599	7.38362959	2.709858575	28	8665	7039	51	7	0	0	Obesity	China	15.79 
ERR1190600	6.797646684	2.219721893	14	42	10126	7539	6	5	0	Obesity	China	17.73 
ERR1190601	7.438574761	3.013635934	59105	6	6	0	8	0	2	Obesity	China	59.13 
ERR1190602	7.205325615	2.931454433	15	0	0	3	3609	0	10	Obesity	China	3.64 
ERR1190603	6.243727963	1.473826899	20	5	57	1716	0	1	315	Obesity	China	2.11 
ERR1190604	6.640608208	2.244623718	12	2	9	967	4	0	0	Obesity	China	0.99 
ERR1190605	7.344803353	3.046057297	143	0	221	2	1	0	0	Obesity	China	0.37 
ERR1190606	6.545426855	2.060233388	61445	0	4	1	0	0	3	Obesity	China	61.45 
ERR1190607	7.113266973	2.596213934	6123	0	3177	35	0	0	240	Obesity	China	9.58 
ERR1190608	7.57165821	3.003170106	7166	0	20066	21	0	1	1	Obesity	China	27.26 
ERR1190609	6.400084403	2.116535952	15	1	2205	306	0	1390	12	Obesity	China	3.93 
ERR1190621	7.724862383	3.224577208	0	1157	594	18596	0	7	16	Control	China	20.37 
ERR1190622	6.377216997	1.554276181	365	47	129	3795	0	1	97	Control	China	4.43 
ERR1190623	7.304066793	2.719057211	3	17074	1	11	0	0	0	Control	China	17.09 
ERR1190624	7.730517201	3.376651392	0	0	1	0	0	0	8	Control	China	0.01 
ERR1190625	7.291942341	3.165196701	0	0	6897	56	0	0	6424	Control	China	13.38 
ERR1190626	7.362907729	3.187231775	0	0	3	0	3	0	105	Control	China	0.11 
ERR1190627	7.439644793	3.533831516	3	11	0	5	2	0	1174	Control	China	1.20 
ERR1190628	7.938313639	3.597973082	0	63	94	5	0	0	40	Control	China	0.20 
ERR1190629	6.447452454	1.811575493	0	18	2515	33	0	0	2	Control	China	2.57 
ERR1190630	6.622409254	2.046987451	8	1	13	5	0	0	66	Control	China	0.09 
ERR1190631	7.142795744	2.761226386	5127	14	1071	13147	0	1	1732	Control	China	21.09 
ERR1190632	7.486899024	2.765750105	9760	1	9142	75	0	0	4514	Control	China	23.49 
ERR1190633	7.049880005	3.162320009	13	0	135	8	0	0	2	Control	China	0.16 
ERR1190634	7.499895713	3.172988713	2515	1	6187	246	1	10	117	Control	China	9.08 
ERR1190635	7.742866821	3.132345979	15266	0	18	5	0	0	488	Control	China	15.78 
ERR1190636	7.466634529	3.091441785	0	3	27725	160	0	0	4	Control	China	27.89 
ERR1190637	7.152587129	2.723738874	2	4	72365	511	0	1	16	Control	China	72.90 
ERR1190638	7.553901151	3.020395171	119	96	1284	16270	0	5	2	Control	China	17.78 
ERR1190639	5.973011	1.375175785	1680	419	28	356	0	0	0	Control	China	2.48 
ERR1190640	6.778602521	2.425173927	2	52	351	8045	0	2	1243	Control	China	9.70 
ERR1190641	6.807204684	2.064635476	1	1	175	3154	0	1	1	Control	China	3.33 
ERR1190642	7.265954532	2.66754803	68	72	727	19509	6	10	2	Control	China	20.39 
ERR1190643	7.168085586	2.671294962	30	123	24160	44476	42795	3	0	Control	China	111.59 
ERR1190644	6.826749182	1.9698378	30	8	1279	1944	13	1	4	Control	China	3.28 
ERR1190645	7.588690782	2.743868203	2670	54	4124	82	6	0	0	Control	China	6.94 
ERR1190646	6.468033645	1.578775847	35	4	1283	1762	7	0	152	Control	China	3.24 
ERR1190647	6.959458793	2.302151727	73724	180	48456	46451	13	19	417	Control	China	169.26 
ERR1190648	7.428286098	3.734571121	15	3	436	13	0	2	0	Control	China	0.47 
ERR1190649	7.298352679	3.081918347	0	2086	27787	415	0	2	1295	Control	China	31.59 
ERR1190650	7.684317131	3.259254914	6	7189	30	1883	0	0	323	Control	China	9.43 
ERR1190651	7.141784816	2.498200598	0	7474	11	1	0	0	482	Control	China	7.97 
ERR1190652	6.813210854	2.350776554	386	113	4469	146	0	1	0	Control	China	5.12 
ERR1190653	7.35803437	2.930737357	39	19	5824	144	0	7	113	Control	China	6.15 
ERR1190654	7.271067918	3.608215208	0	38	1788	102	1	715	0	Control	China	2.64 
ERR1190655	7.10245304	2.907382873	0	140	644	28	5	1	3030	Control	China	3.85 
ERR1190656	7.757646471	3.263274455	319	11	5791	22910	5	1	13	Control	China	29.05 
ERR1190657	7.680118815	3.187109868	2	1156	15	8	1390	13	1	Control	China	2.59 
ERR1190658	7.792067489	3.266564302	1	1	311	16	11367	0	4	Control	China	11.70 
ERR1190659	6.491164635	1.672741769	2390	4	10	252	3	0	88	Control	China	2.75 
ERR1190660	7.11600012	2.396413771	1	0	4	23	8	0	118	Control	China	0.15 
ERR1190661	7.688821338	3.271297481	10	32	264	6592	0	1	142	Control	China	7.04 
ERR1190662	7.671646061	3.03405776	23206	2	4	8	1646	0	2533	Control	China	27.40 
ERR1190663	6.297777629	1.487116015	17	2	27	811	0	0	980	Control	China	1.84 
ERR1190664	7.297225081	2.990010155	10	1087	742	21039	1	7	4338	Control	China	27.22 
ERR1190665	7.556187521	2.888999893	4	968	15585	1264	3	6	118	Control	China	17.95 
ERR1190666	6.075598954	1.185761466	10	4106	11755	94	0	0	483	Control	China	16.45 
ERR1190667	7.359331328	2.837286534	0	0	35748	20	0	1	0	Control	China	35.77 
ERR1190668	6.321762356	1.866991526	36	1	34	24	0	0	0	Control	China	0.10 
ERR1190669	7.795659719	3.148629814	0	1	63	487	2	0	206	Control	China	0.76 
ERR1190670	7.739032072	3.231497053	0	1	523	939	0	0	0	Control	China	1.46 
ERR1190671	7.398687461	3.156235172	0	42	42218	8451	0	81	74	Control	China	50.87 
ERR1190672	6.89619758	2.443182452	1024	6	28998	785	0	0	1	Control	China	30.81 
ERR1190673	7.074986482	2.389608902	6	12	56	2299	0	0	1	Control	China	2.37 
ERR1190674	7.743679656	3.364187415	2	57	284	7191	3	3	789	Control	China	8.33 
ERR1190675	7.041897023	2.72550875	0	9921	10074	26360	3	5	1267	Control	China	47.63 
ERR1190676	6.980671566	2.383248467	664	65116	31	810	0	1	9	Control	China	66.63 
ERR1190677	7.208286659	2.664055582	7	32	21363	424	0	71	2049	Control	China	23.95 
ERR1190678	7.408927055	2.970597932	419	24	23893	334	0	0	70	Control	China	24.74 
ERR1190679	7.270310452	2.757366572	5	10	134	2945	2	0	2	Control	China	3.10 
ERR1190680	6.582187207	1.808124791	0	2	21	988	7	0	0	Control	China	1.02 
ERR1190681	6.270588772	1.359561162	0	0	2	8	3	0	162	Control	China	0.18 
ERR1190682	7.683559127	3.058977185	69	1	6276	99	4	1	170	Control	China	6.62 
ERR1190683	7.301927249	2.529613293	126	0	41	2	9327	0	1	Control	China	9.50 
ERR1190684	7.34318142	2.839998421	49	32	367	12	0	0	7	Control	China	0.47 
ERR1190685	6.687502121	2.189557789	26	0	97	2	6	0	94	Control	China	0.23 
ERR1190686	6.898991961	2.791398624	1096	0	3	15	0	0	4613	Control	China	5.73 
ERR1190687	7.918398928	3.112754391	22	0	509	321	0	0	166	Control	China	1.02 
ERR1190688	7.135127929	2.758573194	18	0	5	16	0	0	1902	Control	China	1.94 
ERR1190689	7.897422555	3.359119179	60	22	295	6715	0	1	16	Control	China	7.11 
ERR1190690	7.023077127	2.372092195	86423	0	1028	9	0	0	8	Control	China	87.47 
ERR1190691	6.381860669	1.644924299	19	1	241	136	1	0	456	Control	China	0.85 
ERR1190692	6.535646216	1.729119319	175	179	1651	48334	0	14	3211	Control	China	53.56 
ERR1190693	7.505781516	3.200239772	46	3	12088	12	0	0	0	Control	China	12.15 
ERR1190694	7.103046906	2.552390156	35	0	48	68	0	0	1	Control	China	0.15 
ERR1190695	6.820659947	2.473318726	32	0	64383	559	0	0	131	Control	China	65.11 
ERR1190696	7.610537988	3.190459813	16995	1514	17	115	0	0	1	Control	China	18.64 
ERR1190697	6.54112829	2.155507237	19564	39	8774	134	0	0	14144	Control	China	42.66 
ERR1190698	7.385830273	2.559932784	773	1	20	6	0	0	76	Control	China	0.88 
ERR1190699	7.411014989	2.771939026	8	43	491	14668	0	3	0	Control	China	15.21 
ERR1190700	7.060864276	2.381805835	23908	17	8	4	0	0	6780	Control	China	30.72 
ERR1190701	7.438434421	2.979775499	338	3118	199	898	0	0	6	Control	China	4.56 
ERR1190702	7.458274558	3.053251929	17	17287	8281	111	0	0	1	Control	China	25.70 
ERR1190703	6.70988315	2.251068906	21	12548	7	13	0	0	679	Control	China	13.27 
ERR1190704	7.609068388	3.053451133	51864	68	41	116	0	0	2460	Control	China	54.55 
ERR1190705	7.067405666	2.376406192	0	18672	42928	370	0	0	2665	Control	China	64.64 
ERR1190711	7.003987766	3.069060213	0	0	0	0	0	0	14	Obesity	China	0.01 
ERR1190713	6.512296823	2.125405576	779	1	48	652	0	0	1	Obesity	China	1.48 
ERR1190716	6.920609617	2.882339807	2	3	81	293	11	0	4	Obesity	China	0.39 
ERR1190717	7.623315978	3.252744356	230	1427	3861	89	0	5	16	Obesity	China	5.63 
ERR1190718	5.872058355	1.337481896	1	12	44	159	0	0	10	Obesity	China	0.23 
ERR1190719	7.432770263	3.46686574	0	0	34686	30	0	0	361	Obesity	China	35.08 
ERR1190720	7.307569503	3.132520471	380	0	61	6	14	156	202	Obesity	China	0.82 
ERR1190721	6.685080037	1.891451149	0	5	1587	1964	0	1	264	Obesity	China	3.82 
ERR1190722	7.602380041	3.325234018	29	464	1491	6173	31578	1	0	Obesity	China	39.74 
ERR1190723	7.348520817	3.207311894	6	2	37793	464	14	2	1251	Obesity	China	39.53 
ERR1190724	7.217655955	3.291504982	210	78	18157	6095	0	41	0	Obesity	China	24.58 
ERR1190725	7.724591974	3.417966629	4223	0	594	9	17	0	13	Obesity	China	4.86 
ERR1190726	7.613696291	3.376127141	17368	106	37333	33503	1	6	3	Obesity	China	88.32 
ERR1190748	6.846865995	3.179101979	6	203	3	95	0	0	0	Obesity	China	0.31 
ERR1190749	7.596301239	3.455983335	20	71	5124	4537	0	13	40	Obesity	China	9.81 
ERR1190750	7.359938286	2.723758517	347	34	0	0	0	0	264	Obesity	China	0.65 
ERR1190751	7.249523272	2.737676934	4	0	262	0	0	0	1	Obesity	China	0.27 
ERR1190752	7.346627495	2.897332142	6	0	37773	1018	0	2	1700	Obesity	China	40.50 
ERR1190753	7.421763041	3.720821267	7	0	418	9	0	0	1	Obesity	China	0.44 
ERR1190754	6.443105153	1.96750415	59	29	3838	3420	0	18	12	Obesity	China	7.38 
ERR1190755	6.949986861	2.627645559	48170	4	5498	6	0	0	0	Obesity	China	53.68 
ERR1190756	6.628578223	2.79291847	1	8	1080	796	0	0	0	Obesity	China	1.89 
ERR1190757	7.475344754	2.902559672	20385	233	47269	3610	2	5	0	Obesity	China	71.50 
ERR1190758	7.116860216	3.160596306	1548	0	11	3	1	0	375	Obesity	China	1.94 
ERR1190759	7.26348662	2.543244485	1	5	261	3011	1	1	1	Obesity	China	3.28 
ERR1190760	7.470548709	2.839211406	0	2	1051	344	0	0	5	Obesity	China	1.40 
ERR1190761	6.900028417	2.540896191	255	7	135	10733	1	0	0	Obesity	China	11.13 
ERR1190762	7.187661637	3.41831523	0	8	63	2991	3	0	30	Obesity	China	3.10 
ERR1190763	6.76583923	2.783752268	24	62	369	6	0	0	0	Obesity	China	0.46 
ERR1190764	7.047433313	2.76091909	15128	0	0	0	0	0	17	Obesity	China	15.15 
ERR1190765	7.353850968	3.05499669	96	24	122	3047	0	2	2	Obesity	China	3.29 
ERR1190766	7.059448007	2.366151786	38	1	3868	237	0	0	12	Obesity	China	4.16 
ERR1190767	7.328806111	2.961579854	345	129	50	125	0	0	1	Obesity	China	0.65 
ERR1190768	6.462888936	2.527072788	1	0	17	3	0	0	451	Obesity	China	0.47 
ERR1190769	6.882594926	1.681739233	282	949	1744	1789	0	0	177	Control	China	4.94 
ERR1190770	7.795992791	3.254875504	4	13331	79	2447	8	1	24	Control	China	15.89 
ERR1190771	6.835888291	2.610016386	845	4	18973	551	1	33	1	Control	China	20.41 
ERR1190772	7.657213115	2.946842187	5	7	1043	2029	1744	0	17323	Control	China	22.15 
ERR1190773	7.676902034	3.095783739	3597	0	1	30	0	1	1425	Control	China	5.05 
ERR1190774	7.375877645	2.836790389	3	4	2	3	0	0	2	Control	China	0.01 
ERR1190775	6.434964448	1.652783671	16	21	21	1513	0	0	209	Control	China	1.78 
ERR1190776	7.307769179	3.285125811	52	0	308	11	0	0	1286	Control	China	1.66 
ERR1190777	7.288879921	2.825529354	2190	6	299	1553	0	0	70	Control	China	4.12 
ERR1190778	7.786404754	2.987795292	7	3	771	2479	22	1	56	Control	China	3.34 
ERR1190779	7.716572176	3.465908733	3	155	5	8	1	0	1955	Control	China	2.13 
ERR1190780	6.913013434	1.847662524	18	1	39	527	0	1	8	Control	China	0.59 
ERR1190781	7.506176811	2.970613072	143	0	81	3	0	1	1	Control	China	0.23 
ERR1190782	7.503915311	2.969331746	0	34	55948	1637	2	122	36	Control	China	57.78 
ERR1190783	7.277526458	2.9094955	0	0	171	4340	1	1	283	Control	China	4.80 
ERR1190784	7.545122353	2.782321769	26	7	1548	1582	1	1	0	Control	China	3.17 
ERR1190785	7.490125717	2.919686282	0	2	103	6	1	0	0	Control	China	0.11 
ERR1190786	7.607806025	3.395128751	62	0	515	1303	1	0	43	Control	China	1.92 
ERR1190787	6.831002596	1.964843015	1850	6	1702	44	0	0	1	Control	China	3.60 
ERR1190788	6.758127883	2.149364724	143167	12	189	2847	0	0	428	Control	China	146.64 
ERR260132	7.080180684	3.112127243	2881	864	0	0	0	0	26	Control	Sweden	3.77 
ERR260133	7.873423392	3.438082503	1	0	241	6946	0	0	17	Control	Sweden	7.21 
ERR260134	6.973722787	3.197090449	32	0	7	0	0	0	10009	Control	Sweden	10.05 
ERR260135	7.563041464	3.351541209	8	0	11179	135	0	0	6	Control	Sweden	11.33 
ERR260136	7.674369001	3.190456076	8	1	0	2	0	0	192	Obesity	Sweden	0.20 
ERR260137	7.710528475	3.426928997	0	130	0	0	0	0	0	Control	Sweden	0.13 
ERR260138	7.313284154	3.140305265	16	0	0	0	0	0	0	Control	Sweden	0.02 
ERR260141	7.423985445	3.295889421	4651	0	86	2	0	0	595	Control	Sweden	5.33 
ERR260142	7.463896441	2.998594397	417	190	0	0	0	0	4	Control	Sweden	0.61 
ERR260143	7.364450113	3.007176546	88	1	174	3	0	0	0	Control	Sweden	0.27 
ERR260145	7.087230408	2.74350208	3	0	0	0	0	0	0	Obesity	Sweden	0.00 
ERR260146	7.317335861	3.194232872	765	4135	0	2	0	0	0	Control	Sweden	4.90 
ERR260147	7.136219329	2.651808574	13	0	0	0	1	0	176	Control	Sweden	0.19 
ERR260148	7.657381402	3.325806243	455	0	0	0	4688	0	0	Obesity	Sweden	5.14 
ERR260150	7.3671387	2.784322767	90	12	142	3382	0	0	140	Obesity	Sweden	3.77 
ERR260153	7.950552396	3.298351068	301	1	0	21	0	0	12	Control	Sweden	0.34 
ERR260154	7.739220342	3.264761915	5397	681	695	18	0	0	0	Obesity	Sweden	6.79 
ERR260156	7.385197165	2.935340702	0	57	0	1	0	0	9	Control	Sweden	0.07 
ERR260157	7.796311861	3.161779594	4	0	0	0	0	0	0	Obesity	Sweden	0.00 
ERR260158	7.700118926	3.377546234	28	1175	25	0	0	0	0	Control	Sweden	1.23 
ERR260160	7.383012745	2.998701651	0	0	0	0	0	0	0	Control	Sweden	0.00 
ERR260163	7.626636121	3.101242815	0	132	0	0	0	0	6	Obesity	Sweden	0.14 
ERR260164	7.652269156	3.106846851	0	615	1	1	0	1	74	Control	Sweden	0.69 
ERR260168	7.429830186	2.940649633	1338	69	0	0	0	0	0	Control	Sweden	1.41 
ERR260170	7.505686821	3.020234863	1	0	2701	28	0	0	0	Control	Sweden	2.73 
ERR260171	7.77498217	3.425675502	0	0	0	0	0	0	0	Control	Sweden	0.00 
ERR260172	7.648763258	2.924497059	13744	11	1965	26	0	0	88	Control	Sweden	15.83 
ERR260175	7.484322814	2.999391822	6	2	0	0	0	0	27	Obesity	Sweden	0.04 
ERR260177	7.440790124	2.989825755	0	0	0	0	0	0	0	Obesity	Sweden	0.00 
ERR260180	7.656122933	3.245367365	4	0	0	0	0	0	0	Control	Sweden	0.00 
ERR260183	7.654850727	3.304028758	61	0	0	0	0	0	44	Control	Sweden	0.11 
ERR260184	7.981119942	3.617179739	2476	0	0	0	0	0	0	Control	Sweden	2.48 
ERR260187	7.617044648	3.309871287	32	0	0	0	0	0	0	Control	Sweden	0.03 
ERR260193	7.937466996	3.420511836	2	0	0	0	0	0	4	Control	Sweden	0.01 
ERR260195	7.716387777	3.057352929	0	374	0	0	0	0	180	Control	Sweden	0.55 
ERR260197	7.908220131	3.056060028	0	0	33	1	0	0	0	Control	Sweden	0.03 
ERR260200	7.70083042	3.223941582	7	0	0	0	0	0	0	Control	Sweden	0.01 
ERR260204	7.579063384	3.335503616	2908	137	2201	53	0	1	13	Obesity	Sweden	5.31 
ERR260205	8.087224578	3.524715739	1	371	0	0	0	0	74	Control	Sweden	0.45 
ERR260209	7.49145241	3.131955615	0	413	0	1	0	0	0	Control	Sweden	0.41 
ERR260211	7.269073052	3.007580786	47	14	0	1	0	0	0	Control	Sweden	0.06 
ERR260215	7.428826634	2.855195813	53	0	2	0	0	0	0	Control	Sweden	0.06 
ERR260216	8.010625199	3.192181795	0	8	0	0	0	0	0	Control	Sweden	0.01 
ERR260217	7.592614034	3.066749615	299	1	2	90	0	0	0	Control	Sweden	0.39 
ERR260218	7.930974579	3.36243198	0	121	0	0	0	0	0	Control	Sweden	0.12 
ERR260219	8.017317238	3.403026873	153	498	0	0	0	0	0	Control	Sweden	0.65 
ERR260220	6.994142957	2.929666445	0	0	1425	21	0	0	0	Control	Sweden	1.45 
ERR260221	8.004052358	3.427640557	3689	135	0	0	0	0	15	Control	Sweden	3.84 
ERR260222	7.302559138	2.512382633	6328	0	0	0	0	0	0	Obesity	Sweden	6.33 
ERR260223	7.657614641	2.883187221	154	0	0	0	0	0	1	Control	Sweden	0.16 
ERR260224	7.904659492	3.280141691	366	0	0	0	0	0	48	Obesity	Sweden	0.41 
ERR260225	7.90043692	3.352456024	204	278	471	8	0	0	0	Control	Sweden	0.96 
ERR260226	7.777109253	3.247585679	127	0	1	24	0	0	0	Control	Sweden	0.15 
ERR260227	7.256570891	2.81870761	270	0	0	0	0	0	0	Control	Sweden	0.27 
ERR260228	7.962985843	3.512329504	0	59	1	102	0	0	2	Control	Sweden	0.16 
ERR260230	7.975528587	3.511412695	1223	0	0	2	0	0	0	Control	Sweden	1.23 
ERR260231	7.948353391	3.325491854	4323	20	229	3	0	0	0	Control	Sweden	4.58 
ERR260232	8.058272146	3.465593037	0	0	0	5	0	0	0	Control	Sweden	0.01 
ERR260233	7.592945273	2.989123323	350	304	0	0	0	0	0	Control	Sweden	0.65 
ERR260234	6.409595615	3.034470302	13	9	28	1	0	0	0	Control	Sweden	0.05 
ERR260236	7.47037923	3.328613974	1	0	0	0	0	0	0	Control	Sweden	0.00 
ERR260237	7.710431531	3.104461036	2184	310	0	0	0	0	54	Control	Sweden	2.55 
ERR260242	7.812401703	3.279953622	0	1	1078	7	0	300	0	Control	Sweden	1.39 
ERR260243	7.615583557	3.057947132	3	52	1	0	0	0	0	Control	Sweden	0.06 
ERR260244	7.583044042	3.30875372	1	0	1	0	0	0	43	Obesity	Sweden	0.05 
ERR260245	8.125115677	3.703841602	0	105	2055	40	0	0	0	Obesity	Sweden	2.20 
ERR260246	6.752735542	3.23073092	7	0	11	0	0	0	0	Control	Sweden	0.02 
ERR260247	7.612502505	3.327813436	1470	2	8839	313	0	0	782	Control	Sweden	11.41 
ERR260248	7.990293588	3.482849605	1	0	4	0	0	0	4	Control	Sweden	0.01 
ERR260249	7.669695694	3.199323048	1	2	1114	45	0	0	0	Control	Sweden	1.16 
ERR260250	7.46007334	3.36740825	0	1	423	0	0	0	327	Obesity	Sweden	0.75 
ERR260251	7.89123949	3.284825294	0	4779	0	37	0	0	1	Control	Sweden	4.82 
ERR260252	7.646958156	3.412143921	40	0	20	0	0	0	1	Control	Sweden	0.06 
ERR260253	7.834309074	2.897211207	545	0	0	0	0	0	16	Control	Sweden	0.56 
ERR260254	7.716261866	3.499003704	118	567	0	0	0	0	0	Control	Sweden	0.69 
ERR260255	7.863828769	3.357582708	0	1	0	0	0	0	200	Control	Sweden	0.20 
ERR260256	7.928155217	3.399982219	272	1	2	0	0	0	1666	Control	Sweden	1.94 
ERR260257	7.363728317	3.249195485	0	2	0	0	0	0	0	Control	Sweden	0.00 
ERR260258	7.645028849	3.252668715	3829	0	202	9	0	0	0	Obesity	Sweden	4.04 
ERR260259	7.872585405	3.126972987	0	1	762	3	0	0	65	Control	Sweden	0.83 
ERR260260	7.921545068	3.32737165	0	2590	0	0	659	0	51	Control	Sweden	3.30 
ERR260262	7.819510457	3.35106959	76	0	4	0	0	0	65	Control	Sweden	0.15 
ERR260263	8.049400185	3.555933693	0	5	140	421	1	0	0	Control	Sweden	0.57 
ERR260264	7.628320474	3.544022221	439	1	10	368	0	0	0	Control	Sweden	0.82 
ERR260265	7.474600222	2.817867129	0	4661	0	3	0	0	0	Control	Sweden	4.66 
ERR260266	7.429177281	2.99622485	0	0	0	0	0	0	0	Control	Sweden	0.00 
ERR260267	7.768358664	3.148954594	81	0	0	0	0	0	0	Control	Sweden	0.08 
ERR260268	7.741690044	3.136971138	4	0	2	0	0	0	1	Control	Sweden	0.01 
ERR260269	7.902066996	2.981288869	2	0	55	0	0	0	4	Control	Sweden	0.06 
ERR260272	8.118214987	3.358526627	59	0	12	1	0	0	0	Control	Sweden	0.07 
ERR260275	7.741158564	3.102201898	3	0	3	0	0	0	0	Control	Sweden	0.01 
ERR275251	7.898516481	3.430730913	760	79	500	15	106	0	0	Control	Sweden	1.46 
ERR688506	7.339677624	3.103119369	23	0	0	2	0	0	3	Obesity	Australia	0.03 
ERR688507	7.590773385	3.380608264	768	2	1	0	482	0	65	Control	Australia	1.32 
ERR688509	7.540316488	3.140022138	14	2	1	1	0	0	4	Control	Australia	0.02 
ERR688510	6.030045961	2.514272204	48	17	5	0	0	0	2	Obesity	Australia	0.07 
ERR688514	7.525215864	3.063599674	24	0	129	1	0	0	0	Obesity	Australia	0.15 
ERR688516	7.474029726	3.102907962	0	0	79	2	0	0	23	Control	Australia	0.10 
ERR688518	7.216659922	3.055385523	1	1	43	1352	0	1	0	Control	Australia	1.40 
ERR688520	7.165044931	2.737081706	1429	0	0	1	0	0	5	Control	Australia	1.44 
ERR688523	7.240788755	2.705518733	7	0	1076	22	0	2	0	Control	Australia	1.11 
ERR688528	7.778666392	3.456123736	0	0	0	0	1	0	3	Control	Australia	0.00 
ERR688530	7.208852195	2.792162105	3	79	707	11	0	0	0	Control	Australia	0.80 
ERR688533	7.655667294	3.378424425	2040	0	2196	57	1	0	83	Control	Australia	4.38 
ERR688539	6.640080758	1.841363692	1	2	4	0	0	0	0	Obesity	Australia	0.01 
ERR688543	6.608022616	2.542289098	0	0	0	0	0	0	0	Control	Australia	0.00 
ERR688544	7.422211803	3.301763615	135	0	0	1	0	0	0	Control	Australia	0.14 
ERR688550	7.143933493	2.87692325	5	0	0	3	0	0	0	Control	Australia	0.01 
ERR688551	7.215055712	3.208246674	35	2	1372	46	1	0	0	Control	Australia	1.46 
ERR688552	6.865951058	2.704864357	22	1	2	0	0	0	1	Obesity	Australia	0.03 
ERR688554	6.260247617	2.603675747	0	0	0	0	0	0	3	Control	Australia	0.00 
ERR688556	7.049923055	3.286712179	3	11	5	0	0	0	2	Obesity	Australia	0.02 
ERR688557	6.599228413	2.502531596	11	0	11	0	0	0	1	Control	Australia	0.02 
ERR688561	5.723357862	1.337133569	1	4	0	0	0	0	14	Obesity	Australia	0.02 
ERR688563	5.696366463	1.723343648	0	1	55	1878	238	0	0	Control	Australia	2.17 
ERR688564	7.458940979	3.34555428	0	1	0	457	218	0	11	Obesity	Australia	0.69 
ERR688565	7.901821901	3.643287997	347	1	0	0	0	0	11	Obesity	Australia	0.36 
ERR688566	6.952448385	2.702799882	0	415	1	26	0	0	1	Obesity	Australia	0.44 
ERR688590	7.906732439	3.650314786	18	727	0	0	1	0	63	Control	Australia	0.81 
ERR688591	6.662386178	2.695243604	167	0	0	0	0	0	0	Control	Australia	0.17 
ERR688593	7.700621999	3.188837244	0	2340	27	2	0	0	31	Control	Australia	2.40 
ERR688594	6.558093228	2.187511189	2	1	117	0	0	0	2	Control	Australia	0.12 
ERR688595	6.857305383	2.369407613	100	0	0	1	0	0	1	Obesity	Australia	0.10 
ERR688598	6.442503282	2.650873017	0	0	1	0	0	0	0	Control	Australia	0.00 
ERR688600	7.656797082	3.577093626	5633	1	1	7	0	0	9	Obesity	Australia	5.65 
ERR688603	6.991859652	2.728681914	26	0	0	0	0	0	0	Control	Australia	0.03 
ERR688606	6.254207306	1.565473241	0	1996	0	1	0	0	0	Control	Australia	2.00 
ERR688607	5.852555364	2.216277027	0	0	0	0	0	0	0	Obesity	Australia	0.00 
ERR688608	7.532416449	3.138585783	52	0	1493	31	0	5	0	Control	Australia	1.58 
ERR688610	7.619921874	3.086609447	71	5	678	9	1	0	1	Control	Australia	0.77 
ERR688612	7.204036472	2.620839654	0	0	69	1	0	0	1	Obesity	Australia	0.07 
ERR688614	7.610136377	3.204664069	2	0	1839	901	0	2	2	Control	Australia	2.75 
ERR688616	7.486869669	3.266525202	0	235	435	211	0	0	0	Obesity	Australia	0.88 
ERR688617	7.230059255	2.902973601	0	1	0	0	0	0	27	Control	Australia	0.03 
ERR688619	7.666726818	3.359505442	371	1	1	1	0	0	839	Control	Australia	1.21 
ERR688622	6.689205561	2.989462725	2	1	3	4	5	1	2	Control	Australia	0.02 
ERR688624	7.549536054	2.915062132	0	0	1	0	0	0	0	Control	Australia	0.00 
ERR688646	7.367158233	3.017377035	7210	3	393	7	3688	0	0	Control	Australia	11.30 
ERR710427	7.84456918	3.1198456	97	72	512	613	0	0	0	Control	Australia	1.29 
ERR710428	7.658003253	3.662411577	336	2051	1	116	0	0	5	Control	Australia	2.51 
ERR710429	7.686472139	3.202123848	20	0	804	16	3	0	19	Control	Australia	0.86 
ERR710432	7.613473054	3.491680808	0	1	1	1	131	0	1	Control	Australia	0.14 
MH0002	7.537862906	2.852094533	0	0	0	0	0	0	105	Control	Denmark	0.11 
MH0003	7.830031849	3.256259155	3620	1728	1573	41	0	2	489	Obesity	Denmark	7.45 
MH0006	7.251224424	2.171937494	1	0	4	2	0	0	0	Control	Denmark	0.01 
MH0009	7.458411854	3.210644301	9	0	0	10	0	0	2	Control	Denmark	0.02 
MH0011	7.947132579	3.231754314	0	0	0	2	0	0	5	Control	Denmark	0.01 
MH0012	7.644167059	3.403436273	67	0	0	0	0	0	0	Obesity	Denmark	0.07 
MH0014	7.933929429	3.266621991	0	0	0	3	0	0	0	Obesity	Denmark	0.00 
MH0016	7.324957542	2.886654356	0	0	0	1	0	0	0	Obesity	Denmark	0.00 
MH0020	7.139817814	2.692720785	5364	0	0	0	0	0	0	Obesity	Denmark	5.36 
MH0021	7.798788035	3.13555458	3468	102	0	1	0	0	445	Control	Denmark	4.02 
MH0024	7.489410754	2.491270511	0	0	0	0	0	0	0	Control	Denmark	0.00 
MH0025	7.948574219	3.675243112	1	2	2	31	2	2149	96	Obesity	Denmark	2.28 
MH0026	7.344709148	2.31610893	4	0	0	0	1	0	0	Obesity	Denmark	0.01 
MH0028	7.873150737	3.254106273	0	1954	2	5	0	0	55	Control	Denmark	2.02 
MH0030	7.172079241	2.868276464	23	12	0	1	9	0	0	Obesity	Denmark	0.05 
MH0031	7.614397038	2.771361635	1	3	0	1	0	0	0	Control	Denmark	0.01 
MH0032	6.729133179	1.798076645	16	10	3	0	0	0	1	Obesity	Denmark	0.03 
MH0033	7.755578624	3.018843423	4	0	0	0	0	0	80	Obesity	Denmark	0.08 
MH0034	6.397311641	1.345393268	12	1	11	1	0	0	0	Obesity	Denmark	0.03 
MH0035	7.522829169	3.20408113	1837	130	4396	276	0	0	0	Control	Denmark	6.64 
MH0036	7.419642036	2.772468963	0	0	0	0	1	0	54	Obesity	Denmark	0.06 
MH0037	7.263955528	2.750250401	0	0	0	0	2	0	75	Control	Denmark	0.08 
MH0038	7.536804591	2.806296696	6	0	0	47	617	0	7	Control	Denmark	0.68 
MH0039	7.68301486	3.06025029	4	0	0	1	0	4	77	Control	Denmark	0.09 
MH0040	7.883721976	3.333978616	0	0	0	0	0	0	295	Control	Denmark	0.30 
MH0041	7.727749828	3.058202837	27865	0	0	0	0	0	0	Control	Denmark	27.87 
MH0042	7.841648343	3.091778438	2	0	0	0	0	0	1	Control	Denmark	0.00 
MH0043	7.734919521	2.920970859	0	0	0	0	0	0	0	Control	Denmark	0.00 
MH0044	7.739410045	2.506677461	0	0	0	0	0	0	1	Control	Denmark	0.00 
MH0045	7.606063741	2.988479724	17069	0	0	0	0	0	154	Control	Denmark	17.22 
MH0046	7.653920586	3.197864486	0	36	16	10	97	12	0	Control	Denmark	0.17 
MH0047	7.322597627	3.028793111	51	0	416	21	0	62	49	Obesity	Denmark	0.60 
MH0048	7.08316136	3.165742854	12	82	1	0	0	1	0	Control	Denmark	0.10 
MH0049	7.158625499	2.406425326	16869	0	0	0	0	0	357	Obesity	Denmark	17.23 
MH0050	7.653613884	2.766399648	0	1	176	5	0	0	63	Control	Denmark	0.25 
MH0051	7.563433002	2.800199385	1	177	1	0	0	0	0	Control	Denmark	0.18 
MH0052	7.906352136	3.507905871	193	122	0	5	0	0	0	Obesity	Denmark	0.32 
MH0053	7.498108767	3.158042566	41	6	56	2	0	0	0	Obesity	Denmark	0.11 
MH0054	7.801092801	3.217951489	0	0	0	0	0	0	0	Control	Denmark	0.00 
MH0055	7.826702507	3.229329249	10	0	0	127	0	0	0	Obesity	Denmark	0.14 
MH0056	7.800750888	3.483467514	5	0	0	11	0	0	0	Control	Denmark	0.02 
MH0057	7.442553984	2.600759823	0	0	0	32	0	0	6	Obesity	Denmark	0.04 
MH0058	7.892504163	3.241793993	0	0	0	0	0	0	0	Control	Denmark	0.00 
MH0059	7.971860872	3.384871357	419	1	820	33	0	0	73	Obesity	Denmark	1.35 
MH0060	7.99479375	3.242679568	891	0	0	0	0	0	0	Control	Denmark	0.89 
MH0061	7.075708448	2.288111816	0	0	0	0	0	0	318	Obesity	Denmark	0.32 
MH0062	7.556935411	3.063469285	671	0	0	0	0	0	0	Obesity	Denmark	0.67 
MH0063	7.519629837	2.665456787	9	0	2	1	550	0	1	Obesity	Denmark	0.56 
MH0064	7.294236511	2.166706008	29	8	0	0	2	0	0	Control	Denmark	0.04 
MH0065	7.750849588	3.209991075	0	89	117	5	0	0	0	Control	Denmark	0.21 
MH0066	7.925895655	3.478404014	11	0	2	0	0	0	11	Control	Denmark	0.02 
MH0067	7.517140659	3.030590467	236	0	0	0	0	0	32	Control	Denmark	0.27 
MH0068	7.239874635	2.243202278	0	0	0	0	0	0	0	Control	Denmark	0.00 
MH0069	7.871138057	3.071236824	37	2	110	7	5	0	1	Obesity	Denmark	0.16 
MH0070	7.730836762	2.807810289	291	0	123	2	0	0	0	Control	Denmark	0.42 
MH0071	7.829028912	3.11738056	0	0	0	131	0	0	299	Control	Denmark	0.43 
MH0072	7.266257632	2.610280339	13	0	0	0	0	0	7	Obesity	Denmark	0.02 
MH0073	7.648250657	3.273775936	498	0	0	0	0	0	0	Obesity	Denmark	0.50 
MH0074	7.231387444	2.751908305	0	14	0	0	0	0	0	Control	Denmark	0.01 
MH0075	7.692113354	2.750911793	50	0	0	0	0	0	48	Obesity	Denmark	0.10 
MH0076	7.742885711	3.20637286	0	0	0	0	0	92	95	Obesity	Denmark	0.19 
MH0077	7.774039034	2.913058271	439	126	0	0	0	0	0	Control	Denmark	0.57 
MH0078	6.745530169	1.925042189	30	0	0	0	0	0	0	Obesity	Denmark	0.03 
MH0079	7.218363827	3.067813246	65	108	58	6	0	0	89	Control	Denmark	0.33 
MH0080	7.595307062	2.900270907	13	0	0	0	0	0	237	Control	Denmark	0.25 
MH0081	7.819379225	3.116050939	17	445	0	0	0	0	13	Obesity	Denmark	0.48 
MH0082	7.708111783	2.705947134	1	19	59	5	0	0	57	Control	Denmark	0.14 
MH0083	7.928994843	3.127429341	1478	0	0	0	0	0	4	Obesity	Denmark	1.48 
MH0084	6.518672792	1.685077142	1	15	0	38	0	0	2	Obesity	Denmark	0.06 
MH0085	7.457144181	2.410273585	0	834	0	0	0	0	630	Obesity	Denmark	1.46 
MH0086	7.889136764	3.579429328	0	5	23	2168	0	0	557	Control	Denmark	2.75 
MH0087	6.65336389	1.970012152	78324	0	0	0	0	0	0	Control	Denmark	78.32 
MH0088	7.56293177	3.019917299	9559	0	0	0	0	0	133	Obesity	Denmark	9.69 
MH0089	7.623494388	2.936697415	1	633	262	290	19	283	0	Control	Denmark	1.49 
MH0090	7.944436449	3.395339496	3617	10	1	0	0	0	64	Control	Denmark	3.69 
MH0091	7.540928523	2.465792999	18	0	0	2	0	0	0	Obesity	Denmark	0.02 
MH0092	7.662552476	3.047560516	5	9	4	2	338	6	662	Obesity	Denmark	1.03 
MH0093	7.28142499	2.915204332	0	0	1	483	0	129	1	Obesity	Denmark	0.61 
MH0094	7.87346785	3.199561456	91	210	1	2	0	0	0	Obesity	Denmark	0.30 
MH0095	7.633202519	3.053966489	5	7	2524	170	0	31	0	Obesity	Denmark	2.74 
MH0096	6.683847389	2.520384875	5	2	0	0	0	0	2	Obesity	Denmark	0.01 
MH0097	7.152067187	3.159048944	0	127	371	10	0	0	88	Obesity	Denmark	0.60 
MH0098	7.551596809	2.917261833	1480	0	1	0	0	557	420	Control	Denmark	2.46 
MH0099	7.816427311	3.382526103	14592	4	0	1	0	1	220	Obesity	Denmark	14.82 
MH0100	7.822184391	3.621487585	907	126	1064	20	0	3	0	Obesity	Denmark	2.12 
MH0101	7.36923136	2.83123303	2	10491	1	1	0	1	0	Obesity	Denmark	10.50 
MH0102	7.170055175	3.610237289	5260	107	909	38	0	0	0	Obesity	Denmark	6.31 
MH0103	7.344083213	2.452107645	123	190	0	38	0	0	129	Obesity	Denmark	0.48 
MH0104	7.437897335	3.466926356	1	0	3	1	0	0	730	Control	Denmark	0.74 
MH0105	6.620896524	2.563525673	2058	218	27157	521	7	5	0	Obesity	Denmark	29.97 
MH0106	7.281100822	2.619182211	447	0	0	0	0	0	77	Obesity	Denmark	0.52 
MH0107	7.685687894	2.813505587	278	383	796	37	0	0	0	Control	Denmark	1.49 
MH0108	6.768688646	2.280125573	0	2	864	80	0	0	0	Obesity	Denmark	0.95 
MH0109	7.217161939	2.390152883	1136	0	3	0	0	0	899	Control	Denmark	2.04 
MH0110	6.992962893	2.471166875	2	1	3	1	0	0	0	Obesity	Denmark	0.01 
MH0111	7.761391731	3.202128482	12	2050	4	0	0	0	0	Obesity	Denmark	2.07 
MH0113	7.856939864	3.149012687	1285	71	27	28	4	28	1	Control	Denmark	1.44 
MH0114	7.035289146	2.215062432	168	602	3	1266	0	0	440	Obesity	Denmark	2.48 
MH0115	7.757145925	3.330216871	767	0	0	1	0	0	0	Control	Denmark	0.77 
MH0116	7.836958993	3.493650046	1563	3053	647	18	1	0	709	Obesity	Denmark	5.99 
MH0117	7.821308084	3.461220581	1	0	89	1	0	0	1	Obesity	Denmark	0.09 
MH0118	7.869157313	3.413623214	1	0	75	6	0	0	0	Obesity	Denmark	0.08 
MH0119	6.590136205	1.793391617	17163	0	0	0	0	0	1195	Obesity	Denmark	18.36 
MH0120	7.146792646	2.463181118	1238	0	1	12	0	0	0	Obesity	Denmark	1.25 
MH0121	7.259929636	2.449836193	6886	19688	1	38	0	2	0	Obesity	Denmark	26.62 
MH0122	7.504258538	3.034227744	5	22	29238	979	0	1	0	Obesity	Denmark	30.25 
MH0123	7.80789668	3.063943751	7	0	2	0	0	0	430	Obesity	Denmark	0.44 
MH0124	7.984837836	3.667948046	98	1	1	0	0	0	13	Obesity	Denmark	0.11 
MH0125	7.610068759	3.146294426	7	0	2	3	0	0	226	Control	Denmark	0.24 
MH0126	7.791920491	3.497486202	3	216	1	7	0	0	0	Control	Denmark	0.23 
MH0127	7.508767179	3.080255226	0	3	0	0	0	1	538	Obesity	Denmark	0.54 
MH0128	7.127481308	2.798020344	16	0	1	0	0	0	1	Obesity	Denmark	0.02 
MH0129	7.89317316	3.331723569	1224	1	0	0	0	0	48	Control	Denmark	1.27 
MH0130	6.714214876	1.939731077	41	2	9	0	0	0	0	Obesity	Denmark	0.05 
MH0131	7.537503872	3.574274587	748	79	355	15	0	0	0	Obesity	Denmark	1.20 
MH0132	7.388707635	2.850207958	10	414	2	0	0	0	468	Control	Denmark	0.89 
MH0133	7.344442208	2.568777009	17396	0	5821	119	0	0	2064	Control	Denmark	25.40 
MH0134	7.502369041	2.818622842	237	0	0	0	0	0	186	Obesity	Denmark	0.42 
MH0135	7.972488797	3.373014758	3	41	20	22	0	11	406	Control	Denmark	0.50 
MH0136	7.751242447	3.09996853	15909	2	0	0	0	0	0	Obesity	Denmark	15.91 
MH0137	7.666143693	2.945306791	5	0	4	2	0	0	1	Obesity	Denmark	0.01 
MH0138	6.001500456	3.035145636	0	5	0	1	0	90	2	Obesity	Denmark	0.10 
MH0139	7.6389812	3.447014084	10	1722	130	3775	0	0	11	Control	Denmark	5.65 
MH0140	7.78053324	2.970933798	0	1	0	3	0	0	0	Obesity	Denmark	0.00 
MH0141	7.372122539	2.915719132	1688	0	0	2	0	0	0	Obesity	Denmark	1.69 
MH0142	7.509189759	3.00385388	0	0	0	0	0	0	405	Control	Denmark	0.41 
MH0143	7.298161449	2.803905633	0	63	0	0	0	0	0	Control	Denmark	0.06 
MH0144	7.205210117	2.744159681	368	0	0	96	0	0	0	Obesity	Denmark	0.46 
MH0145	7.870263113	3.49781506	2325	0	0	3	0	0	310	Control	Denmark	2.64 
MH0146	7.199077872	3.391651265	218	0	0	0	0	0	0	Control	Denmark	0.22 
MH0147	7.866692064	3.582350937	948	33	4189	128	0	0	552	Obesity	Denmark	5.85 
MH0148	7.80705984	3.139319975	37	0	0	0	0	0	0	Obesity	Denmark	0.04 
MH0149	7.555714972	2.767718822	2233	0	6467	154	0	0	0	Control	Denmark	8.85 
MH0150	7.66890341	3.06835941	154	0	0	19	0	0	0	Obesity	Denmark	0.17 
MH0151	6.124639534	1.965953983	744	0	27	2	0	0	0	Control	Denmark	0.77 
MH0152	7.418536554	2.78550161	552	49	0	0	0	0	0	Obesity	Denmark	0.60 
MH0153	7.648123315	2.417506299	0	0	4367	112	0	0	0	Obesity	Denmark	4.48 
MH0154	7.597581038	2.867946021	0	0	1	0	0	0	743	Obesity	Denmark	0.74 
MH0155	7.419478123	2.702550787	652	2806	1	0	0	0	0	Obesity	Denmark	3.46 
MH0156	6.940774535	3.193657861	0	0	2297	80	29	0	4	Obesity	Denmark	2.41 
MH0157	7.626653676	2.234506449	1887	0	0	0	0	0	0	Obesity	Denmark	1.89 
MH0158	7.740614935	3.164066761	26332	1176	0	0	14978	0	40	Obesity	Denmark	42.53 
MH0159	7.670760992	2.245139757	1844	0	0	0	0	0	321	Obesity	Denmark	2.17 
MH0160	7.685593944	2.972592019	34278	0	0	0	0	0	1008	Obesity	Denmark	35.29 
MH0161	7.483230584	2.778039552	35	940	0	0	0	0	31	Control	Denmark	1.01 
MH0162	7.681516757	2.986313725	27459	851	290	409	23	308	0	Obesity	Denmark	29.34 
MH0163	7.868520002	3.226353434	181	2	0	2	0	0	190	Obesity	Denmark	0.38 
MH0164	6.083844559	2.714691493	8	603	16	14	2	254	0	Control	Denmark	0.90 
MH0165	7.665922332	3.114380304	7185	957	2	0	0	0	271	Obesity	Denmark	8.42 
MH0166	7.056408099	2.184496388	40822	4	1	0	2	0	476	Obesity	Denmark	41.31 
MH0167	7.424749002	3.120550091	139	0	0	0	0	0	0	Obesity	Denmark	0.14 
MH0168	7.127245296	2.949920064	12	0	812	30	0	0	3	Obesity	Denmark	0.86 
MH0169	7.437859003	2.698894414	365	57	0	0	0	0	0	Control	Denmark	0.42 
MH0170	7.800792617	2.966061089	13583	0	0	0	0	0	248	Obesity	Denmark	13.83 
MH0172	7.826643849	2.415708773	238	10	0	0	0	0	296	Obesity	Denmark	0.54 
MH0173	7.496469623	3.031531649	160	464	0	0	0	0	0	Control	Denmark	0.62 
MH0174	7.82681949	2.335770299	223	0	0	0	0	0	0	Obesity	Denmark	0.22 
MH0175	7.593667195	2.538510313	576	0	0	47	0	0	0	Control	Denmark	0.62 
MH0176	7.693550648	3.168480036	68	0	25	2	0	0	0	Obesity	Denmark	0.10 
MH0177	7.698036186	3.105523028	9297	0	0	0	0	0	4	Obesity	Denmark	9.30 
MH0178	7.103196824	2.841353283	7	6	0	0	0	0	0	Control	Denmark	0.01 
MH0179	6.727639794	2.883977028	0	0	0	0	0	0	0	Control	Denmark	0.00 
MH0180	7.676212275	2.510382243	0	0	0	0	0	0	0	Obesity	Denmark	0.00 
MH0181	7.942151105	2.779656997	37	3	0	50	3311	0	46	Control	Denmark	3.45 
MH0182	7.151139269	1.672524098	0	0	0	0	0	0	0	Obesity	Denmark	0.00 
MH0183	7.560983189	3.004160335	14	2026	10	2	0	1229	27	Control	Denmark	3.31 
MH0184	7.790284044	3.042142908	190	8370	0	0	0	0	1	Obesity	Denmark	8.56 
MH0185	7.808289553	2.791610939	0	0	0	0	0	0	0	Obesity	Denmark	0.00 
MH0186	7.032153744	2.791930162	0	0	0	0	0	0	0	Obesity	Denmark	0.00 
MH0187	7.27426104	3.393467939	0	0	0	0	0	0	0	Obesity	Denmark	0.00 
MH0188	7.657141316	3.108096612	0	0	0	0	0	0	0	Obesity	Denmark	0.00 
MH0189	7.169890353	2.86539116	3	0	0	0	0	0	52	Obesity	Denmark	0.06 
MH0191	7.906305117	3.212835167	0	0	0	0	0	0	0	Obesity	Denmark	0.00 
MH0193	7.572267937	2.897256753	58276	8	0	33	0	0	3147	Control	Denmark	61.46 
MH0195	7.356725418	3.269392415	0	0	0	0	0	0	0	Obesity	Denmark	0.00 
MH0196	7.856597147	3.309654895	0	0	8	289	0	0	0	Obesity	Denmark	0.30 
MH0197	7.380391254	3.315230315	0	81	31	23	1	17	0	Control	Denmark	0.15 
MH0198	7.582960927	3.590991085	150	858	0	0	0	0	127	Obesity	Denmark	1.14 
MH0199	7.695111004	3.53793829	0	0	0	0	0	0	0	Obesity	Denmark	0.00 
MH0200	7.933715436	3.564916186	184	0	5	0	0	0	1	Control	Denmark	0.19 
MH0203	7.869550524	3.093265408	31	46	12	25	3	27	8	Control	Denmark	0.15 
MH0204	7.985450887	3.570598236	22	8338	1	0	0	0	1202	Obesity	Denmark	9.56 
MH0205	7.662927843	2.752574949	0	0	0	0	0	0	0	Obesity	Denmark	0.00 
MH0206	7.762468771	3.374884333	0	0	0	0	0	0	0	Control	Denmark	0.00 
MH0211	7.428628286	3.247172841	0	1	1	106	0	0	2	Obesity	Denmark	0.11 
MH0212	7.08781525	2.85381367	0	557	1539	49312	0	17	2995	Control	Denmark	54.42 
MH0217	7.661662683	3.287317048	0	0	0	0	0	0	0	Obesity	Denmark	0.00 
MH0220	7.995464203	2.485570999	0	0	0	0	0	0	0	Obesity	Denmark	0.00 
MH0224	7.336140433	3.002404132	594	128	0	1	0	0	0	Control	Denmark	0.72 
MH0227	6.82337432	2.270311913	0	0	0	0	0	0	0	Obesity	Denmark	0.00 
MH0229	7.676812627	2.498392363	0	243	0	0	0	0	0	Obesity	Denmark	0.24 
MH0230	7.330953189	3.512413	748	0	0	0	0	0	696	Obesity	Denmark	1.44 
MH0233	6.541109633	2.644304205	0	0	0	0	0	0	0	Obesity	Denmark	0.00 
MH0236	7.090919371	3.156610199	0	0	0	0	0	0	0	Obesity	Denmark	0.00 
MH0239	7.147853463	3.622393304	0	0	0	0	0	0	0	Obesity	Denmark	0.00 
MH0243	6.788510302	3.512892614	2	5	0	34	0	0	5	Obesity	Denmark	0.05 
MH0244	7.215784076	3.430882092	36	142	23088	532	0	9	0	Obesity	Denmark	23.81 
MH0247	7.528902573	3.274822942	0	0	0	0	0	0	0	Control	Denmark	0.00 
MH0250	7.840861303	3.440980605	0	0	0	0	0	0	0	Control	Denmark	0.00 
MH0251	7.526350497	3.08131595	3569	1	0	0	0	0	2300	Control	Denmark	5.87 
MH0253	8.003609451	3.436570662	0	0	0	0	0	0	0	Obesity	Denmark	0.00 
MH0257	7.298742828	2.470512173	0	0	0	0	0	0	0	Obesity	Denmark	0.00 
MH0267	7.866732949	3.533998569	26957	780	0	0	0	0	2026	Obesity	Denmark	29.76 
MH0272	7.762386612	2.126010898	0	0	0	0	0	0	0	Control	Denmark	0.00 
MH0274	7.273660427	2.481432158	39	13	0	27	0	0	0	Control	Denmark	0.08 
MH0275	7.401341537	3.162679671	19597	5	7242	189	0	2	0	Control	Denmark	27.04 
MH0276	7.57182213	2.224422505	10	0	1207	42	0	6	0	Obesity	Denmark	1.27 
MH0277	4.721017982	1.177468842	0	0	0	0	0	0	0	Control	Denmark	0.00 
MH0286	7.448900324	3.069657366	0	0	0	0	0	0	0	Control	Denmark	0.00 
MH0287	7.582307822	2.241552879	0	0	0	0	0	0	0	Obesity	Denmark	0.00 
MH0288	7.786981587	2.883836825	111	0	534	12	0	1	0	Control	Denmark	0.66 
MH0289	7.167049568	2.407078703	0	0	0	0	0	0	0	Obesity	Denmark	0.00 
MH0292	7.419612417	2.560255863	0	0	0	0	0	0	0	Control	Denmark	0.00 
MH0302	6.804061479	3.447642998	0	0	0	0	0	0	0	Control	Denmark	0.00 
MH0305	7.346777298	2.354989868	3	0	3	0	0	0	0	Obesity	Denmark	0.01 
MH0307	7.444354665	3.408702366	0	0	0	0	0	0	0	Control	Denmark	0.00 
MH0313	6.728911212	2.947150833	1	0	0	0	0	0	0	Obesity	Denmark	0.00 
MH0316	7.874295954	3.394276739	74	0	8081	723	0	5	0	Obesity	Denmark	8.88 
MH0318	7.822547918	3.040935801	8	0	0	1	0	0	2	Control	Denmark	0.01 
MH0321	7.004959002	3.128367789	0	0	0	0	0	0	0	Obesity	Denmark	0.00 
MH0322	6.843103091	3.452452688	0	3	1	0	0	0	0	Control	Denmark	0.00 
MH0333	6.486941258	3.134443003	0	0	1	0	271	0	0	Obesity	Denmark	0.27 
MH0403	7.869757519	3.158227811	9	0	0	0	0	0	33	Obesity	Denmark	0.04 
MH0404	7.402848352	3.100910476	0	2099	13	1	0	1	0	Control	Denmark	2.11 
MH0405	7.244891284	3.173076997	0	4	976	850	0	0	0	Control	Denmark	1.83 
MH0406	7.71140539	3.307659263	52	0	0	2	0	1	0	Obesity	Denmark	0.06 
MH0407	7.771625953	3.295683641	10	0	2	75	0	255	2	Obesity	Denmark	0.34 
MH0408	7.960170287	2.592617674	1091	1422	450	636	53	517	14	Control	Denmark	4.18 
MH0409	7.715855026	3.283555694	139	875	3419	97	0	0	0	Control	Denmark	4.53 
MH0410	7.53556151	2.312376196	0	0	0	0	0	0	0	Obesity	Denmark	0.00 
MH0411	7.570864258	3.267205179	0	0	0	0	0	0	0	Obesity	Denmark	0.00 
MH0412	7.888058037	2.322756569	0	0	0	0	0	0	0	Obesity	Denmark	0.00 
MH0413	7.62061973	2.083235802	0	0	0	0	0	0	0	Obesity	Denmark	0.00 
MH0414	6.776443302	2.309215429	0	0	0	0	0	0	0	Obesity	Denmark	0.00 
MH0415	7.927481056	3.226917004	29	707	0	0	0	1	137	Control	Denmark	0.87 
MH0416	7.806203127	2.526919805	12352	2	0	2	0	0	0	Control	Denmark	12.36 
MH0417	7.855284381	3.364912709	0	0	0	0	0	0	0	Obesity	Denmark	0.00 
MH0418	7.818892554	2.632590169	0	0	0	0	0	0	0	Obesity	Denmark	0.00 
MH0419	7.226689206	2.833032971	0	0	0	0	0	0	0	Control	Denmark	0.00 
MH0420	7.101272695	2.594011105	11761	0	1	0	0	0	0	Control	Denmark	11.76 
MH0421	7.181650434	3.198293835	1	0	158	23	0	0	2	Obesity	Denmark	0.18 
MH0422	7.569948613	2.572899043	0	0	0	0	0	0	0	Obesity	Denmark	0.00 
MH0423	7.408026887	3.138818596	0	0	8	1	0	0	0	Obesity	Denmark	0.01 
MH0424	7.711611598	2.366948805	56	0	0	7	0	0	0	Control	Denmark	0.06 
MH0425	7.616166695	3.615557114	0	0	0	0	0	0	0	Control	Denmark	0.00 
MH0426	7.605245353	2.350474414	1232	3574	0	4	0	0	0	Obesity	Denmark	4.81 
MH0427	6.73634369	3.30011682	54	0	71	0	0	1	2	Obesity	Denmark	0.13 
MH0428	7.287160631	2.361851924	0	0	0	0	0	0	0	Control	Denmark	0.00 
MH0429	7.741845459	2.460693674	420	1	790	13	0	0	2	Obesity	Denmark	1.23 
MH0430	7.480973403	2.55875592	0	0	0	0	0	0	0	Obesity	Denmark	0.00 
MH0431	7.75200491	3.369576035	378	0	5969	193	0	2	143	Obesity	Denmark	6.69 
MH0432	7.463231688	2.798076017	26220	3	37280	716	0	122	2010	Control	Denmark	66.35 
MH0433	7.586223371	3.033967113	0	0	0	0	0	0	0	Obesity	Denmark	0.00 
MH0434	7.875381009	2.797586727	45	0	31	6	0	0	0	Control	Denmark	0.08 
MH0435	7.80332067	3.171911418	1248	28	4767	71	0	0	1	Control	Denmark	6.12 
MH0436	6.997906732	2.620563524	91	5	0	1	0	0	0	Obesity	Denmark	0.10 
MH0437	7.476277259	3.602585604	4	0	0	0	0	0	0	Control	Denmark	0.00 
MH0438	7.956909849	2.628857328	68	0	8	238	0	0	0	Control	Denmark	0.31 
MH0439	7.965721972	3.504790284	12	3269	44	964	0	0	1	Control	Denmark	4.29 
MH0440	7.644412907	2.612080499	11594	2249	9902	276	0	2	220	Obesity	Denmark	24.24 
MH0441	7.718154096	3.453830312	690	0	80	2	0	0	43	Obesity	Denmark	0.82 
MH0442	7.854723947	2.739920758	6	0	0	0	0	0	0	Obesity	Denmark	0.01 
MH0443	7.060255144	3.173362958	1	0	0	0	0	0	0	Obesity	Denmark	0.00 
MH0444	6.915995246	2.275175068	0	316	60018	1988	0	4	0	Obesity	Denmark	62.33 
MH0445	7.81276926	2.933560303	579	0	1	0	0	0	3	Control	Denmark	0.58 
MH0446	7.67738149	2.248827959	179	0	2	1	0	0	1406	Obesity	Denmark	1.59 
MH0447	7.885426919	3.550989992	15	1742	0	0	0	0	5	Control	Denmark	1.76 
MH0448	7.813330879	2.399076453	567	410	83	2	0	0	88	Control	Denmark	1.15 
MH0450	7.942112384	2.70408754	1	0	3	1221	0	0	0	Obesity	Denmark	1.23 
MH0451	7.943020845	2.272981776	281	3926	5295	158	0	0	3	Obesity	Denmark	9.66 
MH0452	7.890839153	2.801860236	0	0	0	0	0	0	1782	Obesity	Denmark	1.78 
MH0453	7.546337896	2.254650947	1	8	7	0	0	0	1031	Obesity	Denmark	1.05 
MH0454	7.881066477	3.460073023	286	156	62	84	4	64	7	Control	Denmark	0.66 
MH0455	7.402638312	2.276548487	3	0	1	0	0	0	216	Obesity	Denmark	0.22 
MH0456	7.558998793	3.191760413	2	25507	41	10	0	0	0	Control	Denmark	25.56 
MH0457	8.040685253	2.398036579	547	1	0	0	0	0	19	Control	Denmark	0.57 
MH0458	7.678294351	2.959055449	1616	64322	39947	724	0	0	0	Obesity	Denmark	106.61 
MH0462	7.352188845	2.457156075	77310	0	0	0	0	0	0	Obesity	Denmark	77.31 
O2.UC49-0	7.619516211	3.038374456	0	2526	805	22	0	2	0	Control	Spain	3.36 
O2.UC50-0	7.942600539	3.527777076	1	3	2	8	6222	0	309	Control	Spain	6.55 
O2.UC51-0	7.836671512	3.449995476	0	358	2809	73	2	1	1205	Control	Spain	4.45 
O2.UC52-0	7.379710507	2.829703538	1	0	1	53	0	0	181	Control	Spain	0.24 
O2.UC53-0	7.370802199	2.643110604	0	45012	2	23	1	8	0	Control	Spain	45.05 
O2.UC54-0	7.544013815	2.859929601	0	52553	1	33	1	12	0	Control	Spain	52.60 
O2.UC55-0	7.925254322	3.516954866	0	589	7071	175	6676	5	0	Control	Spain	14.52 
O2.UC56-0	7.604328214	3.048989557	0	3	3017	1855	4	1	255	Control	Spain	5.14 
O2.UC57-0	8.001485204	2.790592086	0	79	15831	672	0	16	0	Control	Spain	16.60 
O2.UC58-0	7.978364822	3.410716538	0	2	1552	67	0	0	0	Control	Spain	1.62 
O2.UC59-0	7.727146957	3.243619905	0	2	36270	749	0	3	0	Control	Spain	37.02 
O2.UC60-0	7.359544624	3.077689536	2	3	129	6	1	0	1	Control	Spain	0.14 
SRR10901872	6.862951623	1.895547256	143	3	849	2	0	0	4	Obesity	China	1.00 
SRR10901873	7.765208945	3.260896168	0	225	4084	777	0	1	77	Control	China	5.16 
SRR10901874	6.630153648	2.063558793	16	2	28	98	6	0	0	Control	China	0.15 
SRR10901875	6.094695778	1.21090071	2737	1	504	240	0	0	2	Control	China	3.48 
SRR10901876	6.41153188	2.215941934	58175	0	0	0	0	0	1272	Control	China	59.45 
SRR10901877	6.454720611	2.122613206	6	60	221	9352	0	0	0	Control	China	9.64 
SRR10901878	7.530579429	2.905259456	5	3198	4606	65488	39384	0	269	Control	China	112.95 
SRR10901879	6.397350717	1.43581165	0	126	40	52	0	0	0	Obesity	China	0.22 
SRR10901880	7.499283156	3.070500604	12	48	261	9638	6	1	366	Control	China	10.33 
SRR10901881	5.717937822	0.86887119	0	0	6339	2	0	0	0	Control	China	6.34 
SRR10901882	7.600135824	3.086568803	40034	0	0	2	0	0	1111	Control	China	41.15 
SRR10901883	7.321260534	2.832023679	0	0	53526	1384	0	0	0	Control	China	54.91 
SRR10901884	7.076998992	2.60479496	10	9	435	6430	4	0	5115	Control	China	12.00 
SRR10901885	6.748108975	2.610701334	0	0	5	9	0	0	0	Control	China	0.01 
SRR10901886	7.548324609	3.232987105	2	1161	12	1277	0	0	10	Control	China	2.46 
SRR10901887	6.748890032	2.099626721	36	0	109	0	0	0	171	Control	China	0.32 
SRR10901888	6.63780201	1.96657465	6	1	9115	134	2	12	595	Control	China	9.87 
SRR10901889	6.862903627	2.145297007	43	0	4163	26084	0	0	128	Control	China	30.42 
SRR10901890	6.133674589	1.345613477	2	3	436	479	0	0	0	Obesity	China	0.92 
SRR10901891	7.224083433	2.353859335	86673	0	10168	4	0	0	0	Control	China	96.85 
SRR10901892	6.539433746	1.5012559	2120	7	1068	530	6	0	2	Control	China	3.73 
SRR10901893	7.076689799	2.626571244	4	0	18	2	6	0	4	Control	China	0.03 
SRR10901894	7.179286051	2.851936752	611	1	19	936	0	1	0	Control	China	1.57 
SRR10901895	7.724070348	3.122970262	36	0	14	8429	4	0	0	Control	China	8.48 
SRR10901897	6.68323379	1.635898279	329	0	10614	10918	2	9	203	Control	China	22.08 
SRR10901898	6.878507364	2.388256632	20	4	63594	1316	57144	0	330	Control	China	122.41 
SRR10901899	7.571140997	3.037913241	0	0	11	16	0	0	394	Control	China	0.42 
SRR10901900	6.607864775	1.774227266	0	2	23995	243	0	32	70	Control	China	24.34 
SRR10901901	7.07721285	2.870438819	4478	441	32	0	2	0	309	Control	China	5.26 
SRR10901903	7.151932589	3.045774533	6214	0	2	0	1260	0	0	Control	China	7.48 
SRR10901904	7.491667594	3.015840375	4746	0	4	6	103	0	0	Control	China	4.86 
SRR10901905	7.354352838	3.031724622	8	0	16473	208	0	19	0	Control	China	16.71 
SRR10901906	6.077170958	1.173474118	0	16249	8439	3	0	0	2	Control	China	24.69 
SRR10901907	6.406392405	1.568594604	0	6	181	6197	52	0	0	Obesity	China	6.44 
SRR10901908	6.54495833	1.824787517	4	0	4	2	0	0	0	Obesity	China	0.01 
SRR10901909	7.562396273	3.264951044	8	0	8	604	0	0	0	Obesity	China	0.62 
SRR10901910	7.52038691	2.825884992	782	54	8758	5803	4	0	1306	Obesity	China	16.71 
SRR10901911	7.243394542	2.818432085	111504	0	6	2	4	0	834	Obesity	China	112.35 
SRR10901912	6.618550037	1.895015651	1621	10	125	3598	0	1	66	Obesity	China	5.42 
SRR10901913	6.579509009	2.167859261	0	0	0	0	0	0	0	Obesity	China	0.00 
SRR10901914	7.479805516	2.925131505	0	52531	115	3399	0	1	999	Obesity	China	57.05 
SRR10901915	6.1810844	1.291552899	16	20	258690	127	0	0	15	Obesity	China	258.87 
SRR10901917	7.413126436	2.705667931	10	0	28	0	0	0	0	Obesity	China	0.04 
SRR10901919	7.193886171	2.701327663	4	0	18	0	0	0	407	Obesity	China	0.43 
SRR10901921	7.073960534	2.619361804	1473	0	2	0	0	0	0	Obesity	China	1.48 
SRR10901923	7.33272762	2.974003215	10	0	10	7	8	0	0	Obesity	China	0.04 
SRR10901926	7.789253225	3.462286756	15351	0	1561	1014	0	0	0	Obesity	China	17.93 
SRR10901927	7.058786872	2.25883695	1229	0	2914	16	0	0	0	Obesity	China	4.16 
SRR10901928	6.181900088	1.535344295	162883	0	3867	47	0	0	7369	Obesity	China	174.17 
SRR10901929	7.270230244	3.242794085	353	806	660	19042	4	1	10	Obesity	China	20.88 
SRR10901930	6.086397293	1.810288082	73	0	129916	25	0	0	225	Obesity	China	130.24 
SRR10901932	6.349006121	1.752499321	19936	89	29179	597	9728	4	0	Obesity	China	59.53 
SRR10901934	5.798532163	0.775562221	2	1	878	8	0	0	0	Obesity	China	0.89 
SRR10901935	7.251481092	2.759565104	0	48896	43642	236	0	0	0	Obesity	China	92.77 
SRR10901936	7.073559736	2.499886148	4313	0	41513	59	0	1	213	Obesity	China	46.10 
SRR10901937	7.630862697	2.751537283	501	9	3703	248	0	0	2	Obesity	China	4.46 
SRR10901938	6.122070748	2.769278993	6	2	20	230	0	0	2	Obesity	China	0.26 
SRR10901940	7.449374417	3.068612289	87914	0	23	90	0	0	0	Obesity	China	88.03 
SRR10901942	6.417664634	1.898176666	0	0	6	0	0	0	21632	Obesity	China	21.64 
SRR10901943	7.098543868	2.615057511	35	14	11222	4512	0	0	0	Obesity	China	15.78 
SRR10901945	5.92694783	0.860723946	0	0	4	2	2	0	0	Obesity	China	0.01 
SRR10901947	7.464592566	2.670309454	16685	11	1139	1790	0	0	8	Obesity	China	19.63 
SRR13279582	7.060518242	2.711003866	80246	49	4519	10733	42	2	32	Control	China	95.62 
SRR13279583	6.718362925	1.536997827	333	4	19664	1298	62	8	18	Control	China	21.39 
SRR13279584	7.059513041	2.187196179	183	2	213	6930	6	0	2	Control	China	7.34 
SRR13279585	7.616929349	3.283560598	66	2	48210	1175	2	0	28	Obesity	China	49.48 
SRR13279586	6.955028621	2.523304411	69	5	24150	530	0	1	13	Obesity	China	24.77 
SRR13279587	6.144177855	1.334198099	241	8	101	438	59	0	24	Obesity	China	0.87 
SRR13279588	6.86732636	2.534073497	114	0	238	1466	76	0	4	Obesity	China	1.90 
SRR13279604	7.244810325	2.685869327	161	7	445	76611	6	4	46	Control	China	77.28 
SRR13279615	7.470788246	2.696516982	460	0	388	2578	0	0	10	Control	China	3.44 
SRR13279626	7.805541267	3.401002256	178	2	179	6831	0	0	6	Control	China	7.20 
SRR13279637	7.463800139	2.76046517	114	0	4256	191	0	0	3	Control	China	4.56 
SRR13279648	6.551165288	2.128953951	34010	3	117	96	2	0	9433	Control	China	43.66 
SRR13279659	6.67095834	2.080579609	56	14	170	158	0	0	10	Control	China	0.41 
SRR13279670	7.094557254	2.135750805	211	88	242	5719	1862	3	223	Control	China	8.35 
SRR13279673	7.794134303	3.055864924	29819	5639	2032	157	0	0	151	Control	China	37.80 
SRR13279674	7.957732479	3.547518438	3241	13	817	196	16	0	9	Control	China	4.29 
SRR13279675	6.372409544	1.721476553	72	25	85014	180	0	0	429	Control	China	85.72 
SRR13279676	7.300660235	2.817328089	38	212	5027	169	20	0	26	Control	China	5.49 
SRR13279677	7.556699171	2.795321924	97	275	520	1730	19	1	29	Control	China	2.67 
SRR13279678	6.962519217	2.675570103	99	1104	24818	26479	18	1	12829	Control	China	65.35 
SRR13279679	7.727128871	3.254567935	39714	4776	540	204	16	0	37	Control	China	45.29 
SRR13279680	7.030316671	2.735735412	85	249	403	303	18	0	42	Control	China	1.10 
SRR13279681	7.360553735	2.816483955	80	299	597	16372	21	0	419	Control	China	17.79 
SRR13279682	7.002010633	2.475383341	295	20	3221	16817	137	0	16	Control	China	20.51 
SRR13279683	6.318435887	1.390124087	5681	11	767	144	94	0	0	Control	China	6.70 
SRR13279684	7.673716477	3.210778561	130	414	429	101	42	0	150	Control	China	1.27 
SRR13279685	6.701877533	2.163735386	494	584	5693	106063	7	10	15	Control	China	112.87 
SRR13279686	7.410236625	3.055158797	87	214	1390	42945	0	8	0	Control	China	44.64 
SRR13279687	6.971389336	2.347348185	513	4	307	349	1895	0	42	Control	China	3.11 
SRR13279688	6.897306054	2.403448519	26123	460	6566	159	49109	2	0	Control	China	82.42 
SRR13279689	6.619122702	2.306390246	228	5	422	152	98	0	0	Control	China	0.91 
SRR13279690	7.31016543	2.668184714	893	3	83214	1684	1984	0	19	Control	China	87.80 
SRR13279691	7.222591972	2.839875611	355	2	64877	1177	12	1	1943	Control	China	68.37 
SRR13279692	6.52869482	1.467318051	4832	5	224	564	10	0	0	Control	China	5.64 
SRR13279693	4.989934469	1.377171657	166	0	155	138	14	0	4	Control	China	0.48 
SRR13279694	7.524288716	2.849024654	116	0	2294	658	0	0	344	Control	China	3.41 
SRR13279695	7.53898898	2.862582811	13766	248	16155	483	103	0	89	Control	China	30.84 
SRR13279696	7.001185742	2.265029907	30925	143	703	123	29	0	81	Control	China	32.00 
SRR13279697	6.439296231	1.643801716	2695	137	689	10165	42	0	95	Control	China	13.82 
SRR13279698	6.353069823	1.915288407	220	114	29364	512	32	8	42994	Control	China	73.24 
SRR13279699	6.349045406	1.478184591	155	56155	52265	88	16	2	94	Control	China	108.78 
SRR13279700	7.202212188	1.974672117	186	134	6383	102	17	1	60	Control	China	6.88 
SRR13279701	6.189024944	1.538492267	342	0	318	131	5	0	2010	Control	China	2.81 
SRR13279702	7.495612389	2.574427715	89	5	314	19898	0	0	115	Control	China	20.42 
SRR13279703	6.646198646	2.114264113	248	2	84	55	71	0	13259	Control	China	13.72 
SRR13279704	6.962424019	2.680464219	224	4	118	2139	29	0	13	Control	China	2.53 
SRR13279705	7.245010004	2.909910781	1941	14	73505	979	5556	7	11	Control	China	82.01 
SRR13279706	6.608662427	2.173800035	15175	3	16074	356	68	0	30	Control	China	31.71 
SRR13279707	7.105909566	2.748727641	81220	24	95	83	3796	0	3754	Control	China	88.97 
SRR13279708	7.570876297	2.994091282	355	6	10023	81	71	0	14	Obesity	China	10.55 
SRR13279709	7.633933644	2.903847973	212	2	62	70	43	0	1039	Obesity	China	1.43 
SRR13279710	6.110259448	1.260515978	392	6	89	104	18991	0	49	Obesity	China	19.63 
SRR13279711	6.657953743	2.401856054	8	4779	1283	43517	8	4	4659	Obesity	China	54.26 
SRR13279712	6.749867793	1.939849068	161	6	133	876	2428	1	24	Obesity	China	3.63 
SRR13279713	6.247643144	2.31445441	18	18	140	175	10	0	205	Obesity	China	0.57 
SRR13279714	6.25839615	1.676502743	516	8108	104	172	10	0	124	Obesity	China	9.03 
SRR13279715	7.526196573	2.911213676	21	27	522	4106	9	0	6	Obesity	China	4.69 
SRR13279716	6.600549031	1.924384201	84	10	137	156	2	0	33	Control	China	0.42 
SRR13279717	7.263173276	2.72308458	9	17	146	9485	10	0	2	Obesity	China	9.67 
SRR13279718	6.145168899	2.353503144	0	96	143	2333	66	0	356	Obesity	China	2.99 
SRR13279719	7.214157973	2.475213958	0	17	67	21	53474	1	0	Obesity	China	53.58 
SRR13279720	6.467495627	1.230228758	36	57	564	13219	0	1	14	Obesity	China	13.89 
SRR13279721	6.637615203	3.288762694	156	644	177	2723	0	0	64	Obesity	China	3.76 
SRR13279722	6.809942971	1.86998416	1832	2	155	437	0	0	1	Obesity	China	2.43 
SRR13279723	7.62013691	2.779586947	436	0	1073	990	29	0	6	Obesity	China	2.53 
SRR13279724	7.280018311	2.475029751	1202	1	11844	1320	0	12	6	Obesity	China	14.39 
SRR13279725	7.635487474	2.911634591	194	1032	4003	1210	3097	0	2677	Obesity	China	12.21 
SRR13279726	6.840806397	2.230091667	75	249	11422	224	12	0	958	Obesity	China	12.94 
SRR13279727	6.363855646	1.770796941	212	4	287	767	16	0	12	Control	China	1.30 
SRR13279728	7.243090702	2.774283924	51	260	54296	17522	14	3	35	Obesity	China	72.18 
SRR13279729	7.246207476	2.423456342	88	291	3047	209	14	0	32	Obesity	China	3.68 
SRR13279730	5.834186669	0.921622139	70	249	402	157	3041	0	23	Obesity	China	3.94 
SRR13279731	7.495137837	2.858480551	3400	242	49193	535	5	1	26	Obesity	China	53.40 
SRR13279732	6.157086778	1.878342688	412	2	449	23047	16	1	1084	Obesity	China	25.01 
SRR13279733	7.139736464	2.640484016	187	2964	503	157	85	0	41	Obesity	China	3.94 
SRR13279734	6.354206838	1.286683125	239	3	524	13186	103	0	94	Obesity	China	14.15 
SRR13279735	6.64408707	2.025208433	101	3	761	136166	2	1	159	Obesity	China	137.19 
SRR13279736	6.631176888	1.960806476	352	0	363	216	11	0	1095	Obesity	China	2.04 
SRR13279737	7.651238859	3.35094958	1368	10	410	142	94	0	2	Obesity	China	2.03 
SRR13279738	7.450204509	2.665392522	13390	7	256	3693	0	0	6	Control	China	17.35 
SRR13279739	6.130836282	1.27198764	243	7	107872	226	82	3	0	Obesity	China	108.43 
SRR13279740	6.978175424	2.192827965	6044	0	316	344	8	0	247	Obesity	China	6.96 
SRR13279741	7.090349671	2.606817413	1093	1	1296	166	277	0	12	Obesity	China	2.85 
SRR13279742	6.774713126	1.677706063	275	2	4413	95	9152	0	195	Obesity	China	14.13 
SRR13279743	6.468420701	1.678184783	377	4	114026	1888	14	24	1366	Obesity	China	117.70 
SRR13279744	7.143963872	2.675733917	197	0	291	31815	5	0	0	Obesity	China	32.31 
SRR13279745	6.692070872	1.756564121	89	185	142	8	0	0	81	Obesity	China	0.51 
SRR13279746	7.047759523	1.732571496	137	201	245	326	837	0	22	Obesity	China	1.77 
SRR13279747	6.409389499	1.264072154	159	106	1687	922	235	0	70	Obesity	China	3.18 
SRR13279748	6.356260451	1.775874616	54	3	182	55	0	0	6377	Obesity	China	6.67 
SRR13279749	6.594746248	1.581142815	210	4	177	972	0	0	294	Control	China	1.66 
SRR13279751	7.758208092	3.187783639	4	14	203	11892	14	0	7	Control	China	12.13 
SRR13279752	7.677385303	2.986391293	181	242	17075	645	46	1	872	Control	China	19.06 
SRR13279753	5.924658046	1.408036084	173	1	96737	158	4	1	80	Obesity	China	97.15 
SRR13279754	7.557017754	3.27820437	33047	37	782	8153	0	2	0	Obesity	China	42.02 
SRR13279755	7.852310269	2.986139582	98	0	89	8749	0	0	0	Obesity	China	8.94 
SRR13279756	7.330921985	2.363521652	400	354	199	1839	0	0	742	Control	China	3.53 
SRR13279757	7.201699684	2.564701335	33390	1	4643	291	23	0	12	Obesity	China	38.36 
SRR13279758	6.904761168	2.44495906	100578	308	78125	1132	94	0	1594	Obesity	China	181.83 
SRR13279759	5.914677429	2.526953373	198	273	5494	504	94	0	40	Obesity	China	6.60 
SRR13279760	6.213019615	1.568323435	222	285	460	11772	80	1	56	Obesity	China	12.88 
SRR13279761	7.253510413	3.028212911	1117	1858	1562	114	0	0	263	Obesity	China	4.91 
SRR13279762	6.466388055	1.745928326	111	30	3967	136	0	0	39	Obesity	China	4.28 
SRR13279763	7.265329027	2.613195732	93	2	8910	11272	3	0	2356	Obesity	China	22.64 
V1.CD11-0	7.42767452	2.693453369	12	28	73	8	1	0	2	Obesity	Spain	0.12 
V1.CD13-0	7.928865143	3.341490528	16	0	0	10	0	2	1	Control	Spain	0.03 
V1.CD14-0	7.785513948	3.45735391	1	4	1377	247	0	1	0	Control	Spain	1.63 
V1.CD16-0	7.754003813	3.486495836	3	6	2334	76	0	1	0	Control	Spain	2.42 
V1.CD19-0	7.810307491	3.472117344	59	2	115	83	0	0	30	Control	Spain	0.29 
V1.CD2-0	6.521962242	1.401675423	204	16	1307	46	0	1	1	Control	Spain	1.58 
V1.CD22-0	7.945325376	3.582262599	1523	16	20231	349	0	245	425	Control	Spain	22.79 
V1.CD24-0	7.909932292	3.517724533	0	0	21	3001	0	2	323	Control	Spain	3.35 
V1.CD27-0	7.582819552	3.331934001	0	498	8918	202	0	2	19	Control	Spain	9.64 
V1.CD28-0	6.877746211	1.885662246	1	1666	3319	75	0	0	6	Control	Spain	5.07 
V1.CD29-0	8.062829362	3.420439933	305	17	54	262	0	0	0	Obesity	Spain	0.64 
V1.CD3-0	7.612129965	2.895819575	0	0	2	2	0	1	0	Control	Spain	0.01 
V1.CD30-0	8.13605482	3.672079044	106	141	830	159	0	0	1	Control	Spain	1.24 
V1.CD31-0	7.69225803	3.300473765	0	0	6	30	0	0	1	Control	Spain	0.04 
V1.CD34-0	7.167057808	2.556722067	0	530	1531	50	0	3	0	Control	Spain	2.11 
V1.CD36-0	7.412688622	3.006723937	0	716	1	0	0	1	1	Control	Spain	0.72 
V1.CD38-0	7.65027351	3.179817197	1	124	35188	1062	10	39	2	Control	Spain	36.43 
V1.CD4-0	7.988995468	3.125901873	0	0	1	0	1	0	2	Control	Spain	0.00 
V1.CD42-0	6.878120223	2.101505483	0	1	171021	1952	1	2	0	Control	Spain	172.98 
V1.CD8-0	7.929513226	2.960156982	1	2	3	1	1	0	0	Control	Spain	0.01 
V1.CD9-0	7.477332218	3.061353613	1	0	0	1	1	0	0	Control	Spain	0.00 
V1.UC16-0	6.636894133	2.504753695	35	1	334	8	0	0	0	Control	Spain	0.38 
V1.UC18-0	7.357074733	2.853548124	137	5316	5	59	18	13	18	Control	Spain	5.57 
V1.UC19-0	7.838608365	3.295436394	3	6	3	1	2	153	2	Control	Spain	0.17 
V1.UC24-0	7.897421871	3.363662645	156	1	1	0	0	0	0	Obesity	Spain	0.16 
V1.UC27-0	8.04321802	3.52195766	1	5	874	19	0	0	2	Control	Spain	0.90 
V1.UC28-0	7.369353546	2.677543933	2327	24	3795	72	0	1	0	Control	Spain	6.22 
V1.UC29-0	7.467951132	2.85213321	8	1	9894	216	0	0	0	Control	Spain	10.12 
V1.UC30-0	7.368463274	2.956556857	6	1	471	18	2	1	1	Control	Spain	0.50 
V1.UC32-0	7.696557324	3.304597361	42678	1	17535	245	0	0	1094	Control	Spain	61.55 
V1.UC33-0	7.865684539	3.393338693	165	1	513	11	0	1	149	Control	Spain	0.84 
V1.UC34-0	7.573755121	3.181070968	8	17	33008	3120	0	0	1416	Control	Spain	37.57 
V1.UC36-0	7.729555959	3.310749154	118	0	0	0	0	0	1	Control	Spain	0.12 
V1.UC37-0	7.795567797	2.925066944	0	701	4084	109	0	17	333	Control	Spain	5.24 
V1.UC41-0	7.284597187	2.923222188	0	9	15165	463	0	1	1	Control	Spain	15.64 
V1.UC42-0	7.835522333	3.485718513	3	0	5414	132	0	0	0	Control	Spain	5.55 
V1.UC43-0	7.863530381	3.501392879	0	29	164	20	0	0	2	Control	Spain	0.22 
V1.UC44-0	7.848770444	3.246100454	9	0	122	6	0	0	0	Control	Spain	0.14 
V1.UC46-0	7.958026208	3.400767905	1201	1	4	126	0	0	150	Obesity	Spain	1.48 
V1.UC48-0	8.175274711	3.898669111	112	41	4208	125	0	7	0	Control	Spain	4.49 
V1.UC57-0	7.725003012	3.361710813	0	17	32	1	242	1	6	Control	Spain	0.30 
V1.UC6-0	8.0114029	3.408772546	13	1	1	1	0	0	118	Control	Spain	0.13 
V1.UC61-0	7.234220576	2.627508662	0	24746	47	28	0	0	0	Control	Spain	24.82 
V1.UC62-0	7.670131585	3.466475861	0	3	53947	1734	1	3	1	Control	Spain	55.69 
V1.UC7-0	6.854565627	1.858529663	1	68	9837	295	0	11	1	Control	Spain	10.21 
V1.UC8-0	8.014678128	3.314033316	1	10	5641	947	5	3	3	Control	Spain	6.61 
V1.UC9-0	7.616654323	2.710455283	9	2	88	15	2	3	2	Obesity	Spain	0.12 
